7681570
8208203
8131403
7775372
7960690
8109028
8196458
8043519
8022811
8046565
7806822
8021095
8013543
7845460
7824549
8135428
8070815
8057156
8176370
7951984
7901220
7783398
7736620
7946444
7704773
7941094
7958117
7967655
7689654
8023778
7796161
8042069
8078138
7946195
7784491
7839294
8024509
8148946
8056640
7996205
7758279
8251872
8179675
7906651
7983418
8014047
7867503
8095372
7823823
8140499
8094991
7860636
7957760
8052250
7840464
8030857
8117498
7990054
8075870
8056858
8081044
7840171
7985112
8236604
8041979
8165951
8038636
7925791
8077860
7881452
8142346
8046992
8114813
7808333
7968714
7861107
7904836
7953578
8027941
8076531
8095054
8003099
8174979
8170960
7978714
7812960
8069525
7931957
8012804
7818527
8067440
8063899
7952530
8234368
8089656
8085272
7939163
7845039
7862022
7972584
8099672
8095003
8193423
8089394
8173620
7934119
8054169
7920188
7770785
7997312
7938459
7821952
8138882
7996738
7764344
8275507
7999600
8108834
7891631
8189695
7931576
8155305
8158432
7815455
7835211
8053479
8082380
7982251
8067830
7903614
8003943
7986956
7908888
8158873
8083124
7756348
7762327
7830167
8096428
8111442
7793588
8017330
7866648
8023732
7955510
7796064
8111674
7943675
8016230
7864652
8139756
7932904
7935206
7993959
8001700
7768220
7903866
7966940
8301606
7971322
8017535
8060516
7905149
8050850
7991290
7900697
7985834
7868557
8007214
7915339
8057013
8228379
7903950
8278761
7825791
8082098
7842699
8207568
8114943
8067397
7963247
7815147
8114127
7712031
8153608
7906615
8112749
7989744
7942709
7920826
7988424
7918481
8181743
8042604
8024598
7883187
8022974
8125611
7905645
8147827
8241076
7968414
7973376
8083159
8205047
7972077
8040829
8072078
7977839
7981970
7933397
7767812
7966426
7913415
7918432
7898579
8078316
8016453
8079811
7772233
8149573
8188793
8102218
7964558
8122712
7939072
8036284
7998167
8029856
7925404
7809657
8078140
7881010
8088784
7927854
8095439
7956022
7820258
8027997
8077610
8217829
7869844
7884413
7931820
8155663
8095584
8082455
8025436
7858261
8241418
7883476
7820296
8101154
8043021
7957132
7946368
8112537
7989626
7800447
7836119
8060507
8227216
8126366
7656435
7821607
8091644
7980631
7985082
8126698
8119405
7810974
7935882
7813328
7820813
8178755
8201402
8035501
7993865
8082732
8020628
7928251
8022533
7821559
8069307
8045670
8003955
8178560
7868645
7955471
7911583
7998079
7974845
8108909
7926723
7794832
8037046
8058122
8152197
8061424
8134816
8005744
8191428
8104255
8074627
8133092
8134095
7967614
7949341
8045623
8135789
8067490
8107000
7941873
8101003
8073862
7827565
7977573
8178200
8087819
7967421
7932415
7858569
7850783
7903031
8214808
8065058
7719890
8032947
8020862
8146668
8020982
7998156
7883867
8251389
8026353
8052996
7942379
8134013
8070768
8044263
8056121
7841719
7645756
7932124
8176837
8119480
8043664
8141362
7937908
8093569
8230642
8112545
8100819
8066735
8002393
8224188
7948226
7925368
7851433
7904402
8121810
8023091
7958218
7918408
7915589
8047879
8060683
8045542
8208707
8130364
8079342
8006632
8038897
7948003
8062052
7941900
7986150
8213358
8061083
8188720
7953652
8036009
8127286
7845662
7984115
7885560
7995663
7811559
8127520
8151945
7645923
8027428
8046115
7923086
8070701
8066536
8015032
8147708
7969710
8039482
8165113
8034991
8126028
7788107
7957502
8173722
7848453
7878417
7829372
7995360
8152852
7891230
8048095
8045388
8180305
7889294
7988949
8155784
8212318
8055834
7961517
8224288
7912245
8020931
7828212
8015769
8145929
8083468
7899638
7849231
7848895
8000923
7994143
7670860
7762203
7945658
8086621
7947672
7871899
8228988
7962858
8072964
8129447
8130363
8173893
8091953
8096534
7930931
7906177
7937987
8143543
8233982
7994198
8035042
7888472
7838715
7957761
8064457
8005539
8064054
8105891
7995819
7994936
7997675
7949450
7860924
8044527
8076179
8208615
8203463
7766297
7922667
7845083
8217271
8189771
8177849
7824514
8154141
7955122
8176412
7854038
7949188
8192378
7622608
7916729
7765252
7975171
8029143
7897594
8031597
8011378
8200179
8023235
8173662
7831409
8028347
8116033
8138323
7977292
8040980
8084510
8021592
7979303
8145790
8105546
8066621
8045679
8083259
7884056
7770322
7994310
7945983
7995539
7949819
7922520
7912270
7904226
7870087
8067028
7895556
7984226
7917654
7937544
8002794
8148730
8207954
8013306
8075682
7991147
7960493
7869632
7946674
8154584
7985013
7917920
7806299
7813455
8199602
7967128
7803755
8158468
8163074
7854707
7821011
7951833
7847965
8082698
8013937
8127442
8079156
8052868
8206539
8015738
8154623
7897035
8246802
7885773
7505389
7888324
8133328
8188185
7929107
8087471
8009677
8204293
7616612
7884385
8006433
8018061
7943651
8213646
7859797
7972099
8192365
7947413
7984693
8090294
8029453
7954559
8096410
8173144
7883549
7895459
8236414
8083440
8123209
7883992
7879326
8055668
8040799
7858666
8165744
7989075
7986280
7901140
7799134
8084986
7802550
7925804
7847453
8097567
8135411
8061965
7952872
7718880
7879949
7844594
7976672
8001931
7885711
7817650
7977074
8057184
8030873
8012377
8033091
7881205
8059129
7983080
7938916
8039311
8009793
7902514
8042451
7797979
8029394
7884226
7944790
8124028
8139524
8102351
8030023
8021213
8012040
8096114
8068200
8198487
7953220
8229231
7927914
8057624
8005485
8083308
8086380
8014797
7903174
7933094
8000098
8125955
8216246
8106949
8083818
7959733
8144372
8086857
8021928
7984234
8033652
8079064
8038620
8000549
7813361
8042780
8163330
7995974
8197014
7946595
7990592
7998543
7902053
8141998
8138810
8120621
7931849
8048721
7974849
8081591
8091768
7913695
7928535
7822825
8167796
7819895
7991831
8132152
8091901
7848079
7971796
7581377
7870855
7917796
8003309
8081351
7893386
7937145
7747240
8103186
8168093
7985723
8227107
8081955
8034951
7859374
8095525
8062326
8059537
8051589
8053907
8010115
8026600
7889066
7939598
8074502
7929996
8019471
7807885
8027974
8046589
7946510
8007532
7938021
8037280
7889448
8035722
8108936
7644973
8051920
7926898
8145955
7833136
8083714
7953678
7764061
8006927
7793805
8022440
8128990
8022036
8039037
7879921
7933730
8067310
8156492
8234136
7983647
7878461
8311387
7901239
7940358
8100360
8009726
8169587
7921407
8187111
8164169
7742405
7695179
8183173
7906183
8069190
8126850
7481762
7907183
7878024
8159189
7948904
8030902
8078597
7879113
8036477
7891770
8089284
8069444
8125865
8101629
8069459
7804358
8102317
8113347
8112296
8050007
7925974
7910984
7930646
7883183
7944088
7992935
8109238
8071949
8124214
8194450
7960103
8118205
7951701
7861399
8180738
8235902
8120213
7905021
8143707
7979437
8028450
8149768
8084576
7880760
7851788
8068437
8140962
8156088
7948796
7882566
7656662
8242273
8120756
8043871
8189363
