1
1
2
2
3
3
4
4
5
5
6
6
7
7
8
8
9
9
10
10
11
11
12
12
13
13
14
14
15
15
16
16
17
17
18
18
19
19
20
21
21
21
22
22
23
23
24
24
26
25
27
26
27
27
28
28
29
29
30
30
31
31
32
33
33
34
34
34
35
35
36
36
37
37
39
38
39
39
41
43
44
41
43
42
43
46
45
45
47
45
46
46
48
48
49
48
52
49
50
52
51
52
54
53
54
53
54
56
57
55
57
59
57
57
60
63
59
59
60
60
62
61
62
62
64
63
66
65
65
67
70
69
69
67
68
75
69
69
74
71
72
75
74
73
77
73
74
77
78
76
79
80
80
79
82
88
82
79
80
83
91
83
84
84
89
84
88
92
87
93
89
88
87
93
92
91
98
92
91
91
93
97
93
101
93
94
98
96
95
106
99
96
97
105
100
101
103
102
105
105
101
106
108
114
103
114
109
111
107
114
116
107
115
121
116
108
115
121
113
118
121
111
112
131
125
117
135
120
122
115
134
125
124
118
119
130
120
126
131
127
124
121
128
122
130
128
133
134
129
128
133
133
137
128
134
131
141
139
130
138
137
140
145
135
140
141
140
142
144
138
148
148
138
142
143
146
144
147
153
149
157
160
163
156
161
158
150
153
165
163
159
152
153
155
163
162
159
162
161
157
161
151
160
157
169
166
164
154
176
156
159
164
169
172
174
168
172
165
166
171
173
179
175
177
180
179
172
177
175
176
195
171
188
170
187
190
188
191
177
171
180
182
192
191
190
196
192
195
194
194
191
185
191
186
188
193
195
199
197
211
187
198
195
203
200
205
202
189
191
193
207
192
209
207
188
195
204
208
210
214
232
207
197
204
206
214
207
198
217
216
229
211
213
218
222
223
218
219
224
218
214
228
222
235
230
223
229
219
229
229
221
212
216
235
241
235
234
227
230
223
236
245
217
223
243
230
232
225
233
243
256
241
241
223
239
233
248
246
250
245
234
237
250
258
246
249
238
248
244
252
259
260
247
257
260
252
254
241
255
268
262
253
286
246
263
252
252
248
265
282
256
285
257
254
272
267
276
262
283
272
266
262
256
263
282
283
288
274
274
261
279
272
275
267
267
287
277
280
276
280
271
282
276
301
293
277
279
286
279
298
298
292
295
304
274
283
298
301
290
292
308
292
294
294
303
297
286
308
305
304
298
312
295
293
307
310
290
308
306
282
298
283
312
292
303
305
334
304
319
337
314
307
317
304
320
315
319
330
323
330
323
326
329
326
318
320
322
317
304
313
340
317
318
318
335
325
307
329
326
324
351
339
332
327
331
328
328
330
331
319
331
326
328
325
327
325
320
347
355
348
329
336
340
341
340
354
334
317
354
342
329
354
342
350
355
374
331
341
360
353
353
358
352
359
346
352
360
370
343
352
361
359
369
367
352
375
345
356
352
364
349
372
368
365
359
373
360
378
370
360
343
360
403
396
373
380
372
368
358
383
380
382
395
388
388
403
391
365
388
377
387
383
402
367
353
389
398
399
383
414
377
390
359
392
408
369
389
381
398
390
404
426
413
378
402
376
392
394
406
380
401
395
410
395
387
377
400
412
395
408
409
381
411
390
389
405
381
401
398
398
414
397
402
410
407
402
421
421
397
412
409
402
402
416
407
430
410
402
426
423
399
412
429
414
429
400
432
433
401
401
416
419
416
426
424
430
454
410
397
440
446
418
425
430
421
453
438
436
434
414
417
433
436
435
447
442
434
431
422
418
431
423
431
473
425
439
435
428
445
444
441
423
426
422
446
438
428
437
446
446
460
429
442
431
427
457
420
457
447
417
445
451
437
437
452
430
447
452
449
458
454
438
432
444
456
466
433
447
457
441
468
449
445
441
418
447
460
434
456
434
454
463
472
458
468
472
439
447
457
459
478
462
438
455
457
463
467
467
453
445
456
438
459
432
464
460
465
445
450
448
457
444
478
459
451
457
445
437
468
480
473
469
471
464
476
447
472
449
461
457
479
467
446
469
444
462
458
466
469
451
472
458
455
442
440
482
467
440
446
465
464
477
475
461
434
445
460
452
464
460
477
465
461
468
467
466
470
467
462
462
453
462
470
443
472
451
462
471
484
476
484
450
456
463
448
435
452
448
474
456
445
452
476
477
470
445
450
472
462
468
455
476
483
462
456
457
449
471
465
444
457
457
498
462
463
458
459
467
474
461
465
461
452
463
471
457
465
474
452
465
450
455
476
467
447
466
447
467
466
462
