126896
129740
126748
128792
128259
132175
128323
132970
127350
126958
132163
131055
126734
134274
126430
128361
128516
126590
128017
128078
129372
130826
130754
129471
131424
132160
126492
126427
129388
133397
131267
134481
130303
127487
125822
129788
127732
128024
131804
130532
130785
129128
128328
128537
129226
123152
124653
129808
125314
128699
129213
129067
133918
126833
129835
131793
133782
130276
126680
132826
126432
123843
131103
126140
121423
132381
125743
121878
128466
130132
131833
128713
129872
125877
124070
129111
133089
133868
133012
131632
123873
133061
129247
129265
126969
129215
129345
130355
130793
130474
127357
129049
130129
127258
128358
130793
131285
123064
126707
131113
128564
130212
131351
121822
127285
131709
134413
132835
131048
124726
130827
123293
133949
132824
130381
128904
129563
128724
130420
129374
130468
122330
128785
131406
130670
131324
127811
126987
133869
130311
132118
128801
127913
130093
126995
127349
130832
120170
125481
131559
123690
128912
125161
132562
128606
128657
127982
132703
136089
125239
125854
129283
130832
130388
134473
124709
129883
132224
123791
131260
128358
133017
133031
127738
129608
129866
129467
127746
129775
126312
127936
127213
131664
126758
134185
130792
132425
127770
129921
132748
130634
133459
130508
125507
131883
128341
127637
126190
130289
127607
130862
133785
131204
126643
125199
127428
127003
130865
128585
129056
132466
133273
126166
126691
131773
130703
134266
128262
131510
132056
125147
123409
129061
129129
128481
128542
130983
129077
129819
129358
126972
127939
129182
131718
128859
132631
128208
130338
132420
132846
128939
127785
130854
131561
127782
129331
132583
131766
129162
128010
128581
124367
126378
128591
130016
127528
128120
128987
130323
126633
134109
130464
131078
130131
130165
129542
127169
123735
133119
132645
129058
131712
127041
131099
125353
128737
124227
131011
133917
128652
129278
131127
130207
127672
125984
131401
128639
126388
130624
129471
129164
130181
124964
127697
134340
126130
132483
129797
127474
133574
130257
127868
130863
132472
128703
127809
129599
128739
130537
123112
134295
122882
130816
128152
129509
129469
127078
133687
127125
125434
122767
128393
131212
129122
127923
126511
127368
122689
129720
131104
131448
130607
126242
125398
125626
129194
127484
126918
126909
135132
129467
128430
130280
128216
132156
127558
132613
129879
127283
127395
129798
132454
130169
133460
127245
127709
129179
129288
130519
126652
132306
130414
116355
121496
130008
129497
127874
127097
131139
126218
132504
127717
129603
133242
125877
121884
126528
131459
129399
126390
128047
127588
127121
131216
130983
131610
130400
127712
129264
133169
127898
132050
132056
128985
121720
133467
129685
134398
129466
129172
131400
126155
127960
129384
130947
128131
128524
131084
129230
125123
126687
132696
126750
129216
124976
130829
129955
127367
126675
126148
133015
129360
132565
126798
128971
129585
127947
132599
129994
126159
126038
129064
129474
131543
125517
126562
131141
130620
126444
127723
125766
131233
129560
130824
126081
133450
129239
123976
129378
129903
129925
131878
128895
126361
125015
130757
129822
125234
131154
124794
128255
132151
130322
128447
123880
123858
130839
127405
130679
131882
129994
130455
132208
130695
127994
128300
126278
131684
126671
131577
129256
126370
131203
124360
131076
131093
125786
134812
129486
133091
131239
133229
127883
133740
132369
134909
130501
126673
123645
123338
123801
129556
125893
128768
127698
127512
126772
131254
128109
131657
119723
130254
130792
128398
131585
126948
126923
126941
128701
128074
131781
130959
128240
128925
128900
130669
127944
131819
128362
130656
122954
131290
126052
129364
133846
133264
128847
131514
129790
130029
131492
129018
129885
128426
129389
130688
132146
129181
131025
126533
129142
132177
130844
131908
127042
130631
126990
126912
127060
127943
130524
126095
128939
129625
125412
130815
129532
127342
132353
132690
128040
123329
126147
121179
127216
124944
132947
129711
124228
131979
131023
122237
123529
125756
132748
125889
132788
130017
130765
123429
135159
128161
131221
130801
128105
132162
133848
127207
128844
130023
134104
128417
132130
132569
129991
131398
133062
129103
127772
129425
127265
125387
132093
125040
130581
130707
126167
126307
128863
128724
131170
123485
128046
130742
125381
131348
130829
130186
128626
127461
132645
131367
136343
129017
127435
125425
129318
133032
130709
125984
128427
124836
132124
130507
133646
127552
128474
134259
126129
129205
130673
126735
126362
132391
130846
124126
128462
127795
129604
123146
127994
132226
127711
128425
128614
129437
122802
128670
133573
126293
131886
123892
125692
132966
124363
128161
125231
129265
124701
129808
125322
128067
124707
130477
131855
132323
130627
127644
130464
124381
128671
131422
129026
127531
127172
129191
128916
131358
130760
133770
130074
133515
125496
129413
131812
121407
125317
125895
123799
131125
130362
132070
126499
127104
128610
133353
129448
129227
132457
125377
128545
128263
133029
125377
127273
129586
128270
124691
128900
125960
130483
130526
135356
133597
124488
130012
131234
126992
131879
129660
133845
129751
129512
129468
131925
129634
127204
128961
134014
133926
128033
131123
124973
131326
129938
122810
133262
130635
126552
128947
129531
129894
126010
123301
126683
132087
129684
126021
128300
130185
132926
131800
125777
126869
133441
131547
132946
128707
130960
123092
133540
126333
120496
132446
127737
131386
127069
125551
128350
127105
135444
131356
129864
131800
126216
126849
130225
126361
126848
131872
130338
123113
128857
126278
129586
133154
127755
133113
128281
131496
133511
128225
127400
125339
124732
128434
128869
128649
129570
129016
130485
126673
125793
130468
133153
132373
126938
130901
130835
126454
133585
130587
127067
130480
131652
122011
124302
128539
125314
131372
128836
129051
134349
123780
128425
133289
130903
126483
133117
131202
127483
131535
131219
125251
130471
126430
126538
126910
124473
128795
127771
133505
130938
129567
134051
129413
129561
131022
123445
130028
135548
126901
128956
129199
131105
123278
126236
125152
135334
130050
127526
130811
133531
129176
128374
126760
124991
132490
131499
130879
127052
134389
129604
131316
131076
125706
129977
128507
126133
131232
125167
128977
123371
129074
131010
128319
127388
128981
129895
123525
126710
125168
123597
130389
133447
125315
133377
132932
126329
129875
130932
130006
123418
130452
126819
128752
129854
132444
126340
128601
131067
127031
134790
129720
128046
129006
130112
130372
129526
127807
128957
130025
132037
121985
115958
132093
134552
129260
133749
128017
133708
126045
134406
129283
130519
128591
126964
124059
132612
127569
127223
126668
130788
128027
127983
132871
130653
127951
131564
128470
134242
131057
130095
131031
124676
128702
129804
129432
127515
126303
124097
129274
130809
130603
130454
124955
127789
125602
127855
127206
123517
132253
131025
132525
128335
126757
125930
130683
130518
132918
130728
124582
128638
125658
130732
129236
126768
130020
128988
128851
