7882216
7971427
7970217
7827271
7891572
7918187
7973078
7914015
7826716
7929017
7892617
7920445
7901287
7944160
7798011
7994547
7902522
7876268
7824448
7927883
7938845
7788738
7854675
7899470
7888682
7999160
7857357
7981619
7900000
7842130
7889776
7903302
7899120
7871757
7909930
7928646
7947152
7878742
7971713
7968672
7954526
7973169
7958597
7910386
7911681
7873267
7907275
7758979
7896933
7848528
7775836
7928860
7938047
7890787
7823138
7917090
8015422
7887704
7932243
7908531
7992323
7899266
7922905
7943832
8014013
7880690
7866529
7869455
7979736
7853944
7856978
7877561
7931909
7846214
7928435
7903205
7884569
7887473
7943169
7976970
7935725
7894764
7907891
7854058
7910684
7887917
7898850
7981691
7891189
7886809
7940381
7857210
7988453
7862271
7878280
7886090
7809304
7830525
7910546
7895458
7938174
7876529
7947244
7947288
7922659
7940451
7864824
7893299
7885969
7956145
7861236
7876683
7878307
7916460
7871804
7956348
7932399
7926370
7942075
7876840
7825787
7879053
7852613
7919882
7890300
7875048
7940881
7893328
8026878
7863726
7929142
7964033
7952168
7796767
7909067
7844147
7960670
7896228
7913214
7939623
7889560
7922729
7926288
7932159
7954955
7937981
7882206
7950179
7924238
7910330
7855213
7908196
7846785
7965448
7877227
7887474
8019236
7890935
7964263
7854723
7855551
7898988
7862230
7891682
7964787
7894740
7858359
8024952
7964416
7912278
7935920
7963679
7939597
7914589
7946823
7873180
7867180
7893577
7925978
8021912
7890255
7962409
7925185
7889992
7921319
7990027
7897411
7945481
8034536
7895999
7963064
7909082
7878849
7929362
7962285
7871761
7946535
7991760
7928313
7823045
8019481
7931034
7901870
7837650
7928151
7933949
7968067
7974720
7832017
7893097
7914640
7959074
7862399
7983255
7950556
7860879
7880582
7981044
7878052
7890561
7913032
7947774
7912384
7873978
7832072
7905475
7920706
7984571
7852244
7945456
7975115
7910235
8001753
7852506
7962658
7958413
7922504
7951898
7940458
8005812
7904405
7834766
7952206
7917070
7942026
7955053
7863242
7828514
7976046
7888560
7982345
7865926
7953624
7865492
7880347
7861794
7940494
7854857
7841859
7904036
7924276
7898894
7990259
7955798
7955789
7898881
7982666
7940094
7951475
7874471
7890663
7823498
7995787
7871932
7892839
7822074
7814023
7966627
7922936
7893349
7845836
7856856
7849651
7862433
7837840
7857085
8041890
7872786
7971795
7944899
7877719
7903415
7837618
7973150
7895075
7775773
7962932
7920544
8000112
7824670
7934370
7788269
7997370
8010750
8008580
7969045
7902431
7947544
7888486
7902790
8038110
7842128
7917854
7869379
7942054
7964843
7888448
7887615
7937432
7907119
7888233
7926907
8011798
7864730
7926311
7818370
8003664
7934669
7828568
7866571
7812911
7865511
7881284
7962898
7842482
7949797
7950199
7913655
7874280
7928345
7859133
7793087
7876665
7918083
7871977
7987378
7981357
7880734
7898992
7918481
7895389
7978044
7918349
7903910
8012299
7917478
7928098
7974088
7993088
7918143
7880184
7887918
7942974
7916006
7860316
7970233
8033491
7921214
7877354
7936079
7950365
7811171
7985947
7880168
7840350
7881161
8009113
7916664
7890262
7853106
7974091
7787896
7891489
7911240
7946204
7898403
7991639
7859967
7937487
7925590
7959985
7919870
7881049
7891890
7830882
7962710
7848422
8006118
7909442
7884053
7885700
7936288
7992121
7925828
7958625
7942749
7816433
7902239
7976692
7841886
7876552
7998588
7935737
7976103
7951020
7985239
7981178
7852221
7908045
7865981
7907524
7976403
7955383
7854641
7874815
7893914
7861976
7889021
7922978
7823256
7967502
7942335
7950999
7896407
7862404
8006359
7889481
7916178
7909064
7841584
7942316
7882814
7919052
7841383
7928700
8026973
7868936
7896633
7794104
7878828
7821842
7790837
7875283
7777952
7845461
7866857
7910348
7856538
8020091
7919223
7918058
7913832
8011955
7996791
7902725
7857305
7881307
7867737
7922416
7918627
7890404
7930018
8001006
7831157
7958643
7843284
7749202
7836636
7889398
7883154
7924258
7900976
7807764
7929499
7918095
7978597
7991817
8000490
7914306
7912924
7936882
7939042
7879143
7933099
7906666
7910725
7859340
7964147
7871742
7883097
7887476
7938086
7910048
7944460
7926403
7976261
7978122
7969617
7894436
7854276
7941316
7934049
7944494
7785958
7906492
7879272
7974644
8014096
7896691
7920736
7882449
7877185
7855303
7855576
7896655
7750779
7893290
7972838
7924787
7843949
7891725
7888500
7946621
7830391
7899227
7897632
7837899
7872618
7882740
7879831
7918798
7863113
7943076
7887961
7886530
7901017
7839421
7843549
7888849
7893929
7829395
7900226
7846891
7887909
7929143
7927590
7902833
7863977
7920677
8049653
7988193
8001100
7897106
7908316
7883376
8014508
7943418
7912703
7955623
7897011
7930149
7928328
7880839
7855626
7886073
7853232
8004425
7878997
7869382
7964243
7947986
7837877
7865710
7866740
7967647
7887722
7935906
7904656
7912558
7930341
7888251
7933571
7879164
7871388
7916429
7940432
7849821
7901371
8001058
7890774
7865655
7839966
7875997
7956177
7931739
7982376
7953386
7936007
7944806
7925176
7982440
7885574
7969904
7837267
7879303
7952731
7911177
7912957
7940354
7920473
7891477
7881274
7899732
7991590
7883758
7902954
7952807
7812639
7894101
7899634
7963635
7925814
7867088
7922460
7788370
7969015
7975379
7870251
7852241
7856439
7902751
7870535
7776333
7930341
7881857
7889066
7873198
7953234
7936783
7876938
7875933
7914989
7947834
7886574
7911152
7864486
7932908
7995355
7864153
7804535
8010937
7849337
7882925
7885954
7884584
7995041
7834744
7885646
7974721
7873838
7792943
7993530
7869278
7908436
7986644
7901727
7928950
7939034
8008870
7880033
7801416
7789831
7875369
7886360
7911598
7901121
7968269
7957809
7889191
7827720
7819060
7995351
7887023
7868303
7880613
7989124
7892114
7903815
7876102
7914754
7915327
7928526
8056376
7961974
7910531
7944939
7935720
7906751
7810093
7950597
7972240
7968206
7994375
7868666
7983118
7940085
7884564
7921814
7904771
7934101
7849671
7931883
7980830
7942319
8009864
7933073
7920803
7879902
8027815
7910067
7880528
7925558
7957653
7945802
7878407
7894209
7891761
7839766
7848692
7874004
7907475
7874372
7899021
7940230
7906361
7993821
7911199
7849157
7868327
7903354
7954710
8013969
7986121
7898948
7940916
7920090
7886919
7908971
7954338
7872909
7939703
7867046
7912981
7882311
7926741
7867377
7826638
7865496
7893462
7838670
7953577
8005345
7885737
7850862
7988660
7974202
7799890
7942351
7825382
7925109
7906980
7927859
7906473
7838844
7853101
7901577
7922126
7878670
7936967
7874661
7984044
7983109
7883904
7850754
7977262
7962642
7900357
7811458
7926349
7975867
