135263
130427
130118
128911
136006
115844
130454
124806
137293
135204
127649
130692
130789
126901
133832
125619
130854
138145
129602
130857
132142
131926
119685
137478
119978
133953
126747
132774
139804
129579
127716
120251
131081
110083
127455
133990
120199
126907
132252
133292
133229
130684
119310
131695
128290
140008
122690
132556
134412
134540
130991
136113
123224
132506
127153
120024
129871
127939
121319
135793
140414
125510
127602
127741
129048
125571
128889
122368
132084
123593
129065
136002
127756
128958
121801
128107
130181
123365
127736
128509
127018
132630
129283
126069
131940
129557
138501
134042
127695
121809
135906
121740
129686
118199
122039
129758
127600
134910
126456
127913
129922
132856
139949
126794
120620
129535
131076
132653
124514
132226
134925
123213
133580
124465
130610
116893
138947
128644
123760
121199
131739
130033
131422
131435
131173
130647
132741
121727
132756
100682
114411
115370
116251
131839
127534
124317
126550
129747
129725
126881
124406
129108
122169
130841
136144
130669
124955
133906
125468
127054
126220
135017
132957
131920
122813
125920
118782
120539
130498
133161
114720
124263
119541
111941
128695
121106
132727
129421
126519
142490
127293
133092
122405
118770
129420
129167
132333
116009
132260
121590
120871
127108
125368
126713
126989
140429
135705
130859
118922
125622
133828
127241
135029
128965
127573
125953
140238
127347
130247
134926
122806
135693
132460
121511
132060
137027
132005
129395
131148
130735
127032
126718
129532
127773
126818
122884
127353
135170
121362
113797
131856
129049
117705
129855
136504
131342
127621
135053
142036
114255
131048
136229
133746
134765
120392
117334
120393
112628
120863
126929
117275
125556
130447
125214
130815
125492
126222
126861
108889
126012
120121
135338
128766
130974
125689
126055
131961
132701
136076
129672
129695
119891
134142
124916
117224
129632
134980
139715
122882
120170
138059
129249
134066
136865
131642
132843
134836
140618
123712
119900
131793
128723
118786
133977
113160
128955
127524
140123
132283
124332
136585
131818
135673
130426
139170
130983
139554
136601
130173
132134
126156
133463
124978
121628
116150
125616
131967
116326
116803
122918
120157
124623
125405
128339
134824
136255
130018
133480
120258
130666
129279
129419
124662
128527
136140
121413
123859
134673
126575
128357
120707
130678
134112
126573
130436
133495
140541
125641
134086
132805
125098
130056
141694
133513
124140
140912
125657
124134
128211
126996
124983
126451
127407
137066
122091
140811
123082
139001
128719
128622
129721
129463
135344
135111
114168
125293
132877
126369
124954
121756
130969
129694
133979
126140
123980
132681
121719
130284
134160
123716
121184
127286
128415
119531
137158
139198
140039
130614
126840
127321
126015
129761
134583
125380
122017
136757
132362
117363
130250
138544
131107
136306
128054
132785
124761
124592
126977
128057
137268
125338
130062
131188
125857
130416
126994
131682
132850
132511
121151
122860
112261
129694
135219
126877
118569
130720
132542
128096
127249
135109
135184
130294
129233
127961
141171
125958
135145
130933
125947
137052
121744
128019
128513
122068
135501
132810
132149
127223
131219
133266
127806
132683
125199
127588
127444
128366
132177
123931
123427
124690
129618
127060
122166
121662
128548
125759
135797
129377
129007
130410
130995
130143
133442
118435
129783
120928
130255
136907
118294
119944
133616
136524
126806
120645
136764
131553
133984
131633
133839
132761
128962
123545
123967
124687
116192
126637
115174
134957
130354
140026
117194
137458
131854
133614
126136
123476
122033
125540
118715
129572
140514
120584
135868
134643
127402
132523
122253
131286
127462
136476
126502
134202
119309
131734
121054
139823
132352
134616
125933
122072
124063
135968
135898
124881
115210
118751
125380
134359
130228
133967
132539
116956
110770
137209
129864
136213
130780
141891
134901
123280
130363
123224
138974
137117
123858
129993
122534
127718
132273
127765
121436
126605
115727
131738
142986
135731
131413
128345
122543
136408
133433
128434
132859
133504
137685
118256
125221
133497
132351
135041
128119
124375
141159
131159
131022
125604
134696
124173
126137
130005
129212
135391
123765
137175
138651
126807
124218
127177
132899
127319
129390
130335
134485
133950
121152
127598
132263
132920
132110
140527
130163
124138
126687
133393
130474
126988
129953
132149
117660
122190
126051
128219
119832
118644
123619
128012
124844
129355
136320
129850
131045
126834
124093
135421
132466
133032
122621
127987
115625
114180
123849
125674
131721
121851
129005
121319
129657
127123
134095
134136
119789
123326
127175
129796
135235
131654
122172
131637
122334
132680
135140
124944
135084
136275
126671
118418
127973
120876
125703
130245
120666
130698
132896
133800
133576
121648
128474
126935
120471
131843
136245
134495
134147
115360
130288
131790
126994
124116
116834
131611
125702
138829
136730
121572
128855
124629
125957
129969
129594
125985
120116
128405
135855
131569
121239
133427
127478
120579
129612
129957
133933
132817
128763
138728
120644
123667
133298
126462
134320
138667
137521
125872
124171
134009
124648
135116
128338
122195
131305
126883
129160
119679
118192
125694
132343
134022
135338
136445
139006
128120
127727
131258
127879
134317
125052
120487
134539
125095
131581
113421
128731
128722
133208
119388
122283
130998
109385
131276
129169
130362
137189
125818
132860
130425
121625
132032
136773
130240
128759
119549
123982
131905
129615
132271
118458
129045
137268
133457
135479
137775
124753
131382
122183
129741
135340
119719
137890
138001
131433
132900
125370
129593
134263
119155
124981
129415
120481
132373
125766
134347
132298
132494
128661
130322
128951
127714
129747
132997
120703
126810
132744
134278
126975
133011
125556
131215
128133
126654
137068
132379
134846
132591
124472
130080
128248
124512
128466
132057
124221
132076
131338
128590
128003
122896
127845
129489
135323
131023
126766
136102
124916
132364
134317
139862
131252
127128
130256
136084
117648
122489
143750
119811
130563
109046
132696
132747
127179
127394
128359
129329
130647
128280
133599
134241
131440
133482
132520
134780
131313
128847
128655
118400
133642
131501
124280
115138
124102
129151
131242
129856
119561
117529
123462
131834
132112
123110
127551
126698
130837
130973
124750
133158
132718
124663
120561
131842
137624
143305
126387
134068
126207
129254
118504
128628
128574
136342
143172
130326
118969
135274
125727
133639
128484
129949
128259
138848
131524
125317
135781
125102
139328
130700
133237
122479
130660
134786
130705
130396
128319
126842
132438
133728
121378
127473
132835
118908
130512
119219
128913
118992
134018
128237
134543
127152
134768
126103
130978
136741
128934
130994
124864
133547
128123
136505
122513
125443
122938
128546
120739
129270
132773
136252
127227
124051
136774
122928
136650
128576
133461
125243
130491
129419
123905
134020
131482
125199
132269
117244
122153
128755
134498
132832
132799
128579
129004
137029
125542
133906
134751
133138
132389
137599
124794
132789
123892
126586
140393
132716
135328
126913
