5705388
5682730
5656487
5613628
5720226
5640120
5658634
5748132
5648511
5690939
5707018
5706148
5679387
5722588
5747867
5736450
5643949
5742281
5719222
5702307
5722828
5671046
5738969
5792515
5749730
5746036
5673346
5704191
5771662
5669924
5707849
5615632
5669441
5657161
5735522
5673074
5684270
5718708
5776611
5736580
5607748
5741087
5659863
5713221
5731893
5673585
5705492
5765296
5725352
5719448
5746893
5639836
5646509
5706865
5620617
5695399
5740680
5668320
5705405
5710759
5694940
5722627
5751200
5717084
5655391
5625072
5662637
5705289
5650142
5759427
5713824
5742092
5673369
5683966
5715612
5636876
5715967
5761746
5717295
5655600
5738827
5684255
5761416
5612945
5749002
5735022
5787564
5708834
5640162
5703660
5649602
5656450
5721320
5663476
5711878
5755643
5730455
5731612
5690182
5684864
5673442
5723785
5640692
5588122
5684009
5706587
5772139
5730001
5703127
5725363
5769658
5679597
5717386
5686576
5666154
5649883
5704806
5680213
5630099
5708330
5676211
5698076
5755192
5802398
5644545
5671619
5742568
5655045
5632697
5701944
5736834
5838020
5761875
5733555
5759601
5804952
5697237
5663136
5640785
5647024
5679982
5701037
5794994
5691833
5706517
5681157
5702845
5703480
5736821
5640702
5691123
5691824
5651852
5634955
5736718
5718635
5664708
5669576
5739061
5695242
5656754
5799612
5717733
5666486
5649879
5763934
5719323
5681518
5763570
5629468
5713795
5655059
5779419
5706533
5683720
5659406
5675163
5690276
5704657
5798449
5634444
5667587
5657206
5743863
5677594
5683198
5639817
5722537
5734110
5740400
5666710
5675150
5617709
5795822
5737535
5723764
5708254
5720055
5808640
5698785
5663252
5781652
5771794
5632617
5766478
5715308
5639089
5720746
5734971
5664228
5726180
5706466
5745180
5743576
5595772
5634757
5693065
5626092
5728713
5725364
5772916
5682592
5747990
5700650
5742484
5755070
5654277
5708742
5784206
5739332
5708463
5752208
5694059
5706570
5713590
5694412
5710397
5746034
5670938
5746295
5667881
5784701
5635632
5758153
5702317
5745624
5856770
5707479
5706759
5687699
5676746
5687057
5711314
5695605
5649409
5717404
5726609
5685671
5736538
5777274
5675198
5623090
5672902
5660772
5709230
5749246
5801750
5678885
5761415
5661432
5766514
5703996
5699393
5642344
5682651
5705001
5673374
5615077
5731130
5677594
5664268
5646033
5644347
5684886
5673362
5748716
5704263
5666451
5702581
5688262
5684062
5676865
5744408
5626258
5701398
5697397
5703416
5706502
5603682
5715446
5613885
5729032
5661784
5694113
5637010
5682804
5691954
5748891
5704009
5696186
5695407
5755823
5758570
5684839
5704195
5666871
5731222
5684219
5696548
5753367
5731072
5657902
5699464
5771906
5747344
5657971
5712275
5717333
5650241
5750582
5624712
5636997
5691064
5789096
5716746
5690298
5623420
5695182
5654420
5705906
5756563
5688020
5710043
5670166
5629062
5794193
5717328
5633593
5841043
5685132
5697110
5623368
5761977
5692782
5674980
5732790
5767218
5799969
5707258
5708352
5692036
5781968
5669919
5751849
5735625
5785438
5737272
5716848
5739583
5616739
5711552
5662354
5692973
5643806
5735927
5709445
5629944
5671732
5698565
5607199
5741737
5716892
5765033
5619764
5669711
5700682
5687947
5793912
5625192
5661050
5659555
5614448
5630839
5706595
5714422
5702910
5734078
5706335
5758263
5727263
5761811
5782940
5715003
5729572
5673405
5681074
5712242
5741667
5701354
5703198
5750766
5703982
5744656
5781089
5680860
5765537
5728994
5624027
5666958
5746957
5742685
5636048
5705155
5684411
5681301
5748092
5750911
5763094
5543110
5724447
5725532
5766543
5700515
5702949
5697992
5629780
5685438
5665629
5716390
5650053
5664169
5758862
5757149
5696961
5747894
5737150
5683148
5753376
5711722
5694196
5634834
5682010
5738489
5737683
5733572
5749727
5739655
5597867
5659469
5718408
5720742
5681549
5724605
5693626
5760145
5701698
5690337
5691269
5678874
5651121
5706931
5704502
5616804
5717092
5735052
5719495
5776989
5756809
5655953
5684130
5689760
5592295
5728940
5748052
5698772
5706762
5709106
5763092
5693605
5736935
5640918
5628351
5725544
5665709
5780193
5711391
5694817
5659512
5765853
5730212
7823402
7915933
7856771
7879462
7885027
7949144
7840385
7957940
7975206
7846572
7859284
7890725
7898232
7935617
7799423
7878744
7872830
7991322
7956748
7891721
7888780
7939535
7982176
7918442
7913299
7892223
7857605
7887944
7808134
7896573
7952772
7914857
7860034
7926723
7918427
7905459
7864116
7897656
7987649
7915025
7869159
7832854
7901239
7933517
7882870
7974070
7982797
7923367
7931509
7983666
7943506
7863254
7989995
7993278
7820445
7952266
8000651
7887183
7871678
7867921
7860098
7829226
7987896
7932106
7999569
7937710
7974089
7902787
7959270
7840849
8020177
7932645
7978305
7927854
7997864
7916074
7864620
7947386
7853005
7950768
8035462
8024140
7865400
7768198
7928459
7945166
7898767
7990997
7985940
7854661
7918143
7868844
7899011
7955801
7837063
7908321
7955749
7939271
7927600
7888101
7877852
7967119
7942857
8031486
8005922
8045659
7850744
7889312
7909930
7928533
8025432
7951004
7797085
7914807
7862541
7931918
7911304
7812272
7985539
7918650
7885012
7965629
7931797
7934367
8004193
7873991
7981388
7890587
8009226
7951435
7906590
7839911
7914483
7852371
7870861
8007880
7973714
7910376
7942331
7887652
7847710
7935309
8034999
8012646
7843083
7897360
7985967
7843479
7993577
7921750
7979768
7896615
7891343
7934470
7949930
7995198
7902454
7993106
7945174
7929719
7987427
7830780
7973102
7818975
7880436
7960071
7849863
8021363
8038660
7939975
7974272
7942612
7997557
7923078
7893132
7896109
7927878
7856497
7906038
7933162
7856457
7839816
7839116
7968961
7875357
7955996
7902506
7848275
7868785
8003490
8022668
7848684
7858115
7863378
7918059
7900936
7934143
7973969
7819136
7868212
7861013
7943099
7906201
7864516
7809543
7860946
7844426
7909803
7968423
7983823
7843812
7906773
7975526
7879011
8029152
7911556
7922818
7898858
7940372
7968784
7957374
7927334
7835098
7871658
7880599
7945373
7977476
7919426
7881102
7872804
7980502
7918176
7871910
7893099
7900668
7776529
7934566
7908127
7988112
7927689
7822486
7914509
7973557
7903860
7856400
7991307
7870739
7889460
7908335
7846394
7882538
7953339
7908588
7883091
7924944
8024453
7934648
8033089
7892592
7917137
7968779
7951635
7916172
7854170
7970068
7909883
7904197
7946934
7951592
7887626
7965639
8058592
7931458
7972086
7932127
7875906
7886353
7955164
7977647
7885987
7888929
7929931
8003479
7840655
7840020
7954762
7957218
7843785
7830993
7829660
7910563
7915646
7952230
7970215
7854567
7751350
7859391
7990544
8026861
7892865
7955018
7889113
7966602
7977743
7832698
7943682
7947302
7846506
7848913
7933842
8004241
7867465
7937944
7859311
7892773
7960649
7843470
8006764
7950673
7988508
7966047
7985565
7869422
7871734
7972063
7995459
7862256
7897903
7908985
7908504
7937211
8009977
7940570
7882535
7986185
7871488
7867125
7920998
7960201
7857886
7867954
7987220
7954528
7965487
7925958
7975679
7995723
7947351
7959653
7845886
7895919
7894319
7996047
8018300
7895095
7981077
7865724
7916123
7850922
7965072
7957880
7966851
7871758
7973945
7974350
7908423
7926308
7911043
7802435
7897719
7843334
7935238
7898025
7956638
7960388
7859593
7933775
7830716
7953444
7917889
7855050
7838727
7925008
7926153
7954465
7935688
7877534
7989351
7962249
7895386
7881705
7930039
7786071
7943820
7888587
7986760
7911324
7839665
7887184
7961862
7923407
7833175
7882727
7883295
7868597
7910330
7938642
8045552
7901339
7930937
7984307
7911092
7992203
8025918
7988862
8032833
7898773
7841258
7874587
7930026
7917216
7974278
7911675
7903718
7914591
7994850
7882864
7854910
7980520
7837462
7863663
7868135
7945360
7859318
7814314
7871121
7896882
7840971
7873356
7866357
7868726
8018719
7962518
8016623
7872075
8004859
7909493
7787908
7925590
7820345
7875545
7997569
7917341
8008866
7837696
8025677
7919228
7856774
7945719
7773026
7986111
7999954
7914128
7859192
7952416
7884929
7911678
7885109
7934494
7925725
8057523
7879069
7826856
7864791
7891413
7866344
7832686
7927754
7866003
7795808
7897061
7945575
7831079
7912476
7940713
7868501
7881149
7928238
7844913
7871189
7894647
7828784
7924797
7962544
7973749
7883675
7932683
7939880
7877726
7924549
7826168
7872275
7993807
7904584
8003938
7846141
7863007
7855040
7942477
7879023
7864045
7816261
7894654
7855898
7915460
7921585
7884764
7923380
7918582
7968428
7967405
7934263
7913133
7944793
7899532
7938177
7861902
7968821
7887202
7946080
7830569
7886082
7882138
7901528
8025545
7860806
7980595
7975374
7889534
7898036
7877946
7896551
7891268
7965870
7881957
7941101
7915881
7892384
7907230
7971833
7941993
7831263
7977710
7923688
7901296
7897003
7925922
7924773
7881588
7956806
7834910
7972552
7849409
7871839
7925371
7900954
7840807
7848216
7878462
7960172
7906084
7941557
7940994
7910955
7903350
7939019
7916154
7975322
7968325
8025140
7906593
7904560
7857376
7939638
7880762
7987413
7880709
7877698
7803109
7870801
7896889
8004249
7928235
7945637
8010157
7881465
7893737
7882433
7888658
7952911
7977790
7845592
7889080
7993519
7889958
7950826
7905650
7912563
7834234
7926563
7975010
8000333
7937752
7911796
7914328
7867723
7962585
7911215
7922400
7980474
7951928
7932086
7925977
7871522
7959207
7959695
8014509
7885865
7917132
7915519
7912849
7858517
7961373
7969775
7978109
7923801
7868208
7915463
7978416
7894088
7935449
7886804
7890688
7917697
7894864
7931261
7945824
7944647
7889643
7962935
7926299
7988372
7907362
7916860
7972714
7941681
7961544
7961467
7951480
7849014
7907565
7908442
7906252
7956809
7984661
7926412
7813298
7909448
7903807
7874861
7894037
7896755
7854281
7992171
7981505
7862419
7968772
7973951
7873244
7912792
7999738
7860345
7953525
7893947
7930692
7818082
7956605
7933367
7877309
7793415
7927217
7963960
7886736
7934833
7974986
7837583
7896416
7837506
7965844
7908059
7874541
7930845
7852001
7929121
7870743
7839433
7992220
8004741
7869691
7954946
7903473
7918245
8024038
7884439
7923424
7909647
7871373
7942417
8052698
7980265
8004671
7955361
7974546
7991451
7979817
7842517
7937579
7947311
7805428
7939577
7820169
7897949
7937884
7943491
7884898
7917705
7967550
7981080
7929421
7977222
7943005
7975969
7926506
7982695
7922234
7984947
7835040
7721960
7959751
7897195
7894124
7811090
7972712
7887887
7823005
7903691
7972497
7904524
7873675
7884365
8027450
7980150
7901861
7957915
8015617
7937806
8014967
7815111
7955281
7958986
7860825
7886684
7961782
7886141
7985231
7928634
7863921
7861060
7908613
7933012
7945452
7916485
7833722
7952127
7960703
7894869
8048378
7964895
7943021
7824090
7804583
7817283
7956276
7915875
7884665
7921151
7881119
7866484
7873714
7913964
7795351
7901578
7813067
8038909
7916590
7900018
7832805
7929811
7900600
7899558
7902684
8011437
7919980
7962531
7923151
7888784
7802947
7868939
7915862
7970542
7917268
7920926
7786862
7914807
7905331
7925670
7960616
7968553
7925044
7900636
7929300
7935808
7953493
7959046
7964714
7920933
8061270
7947591
7931954
7950353
7855777
7886691
7875766
7978180
7902058
7958864
7857982
7952818
7931157
7855452
7913833
8029925
7922252
7884893
7882288
7840642
7853580
7900131
7956064
7905349
7863805
8056426
7951609
7850945
7965562
7942510
7930766
7884829
7851313
7876639
7954459
7858243
7899428
7909051
7825953
7799093
7934841
7960597
7913391
7934594
7871496
7932108
7919281
7844414
7860536
7976544
7873906
7860736
7845933
7922959
7927133
7861826
7930349
7899692
7888691
7922913
7937748
7933110
7950183
7858540
7957146
7816721
7919229
7915039
7897187
7995220
8064277
7901613
7956263
7873810
7826162
7937455
7835544
7948910
7863936
7997604
7900550
7880372
7980171
7944698
7911999
7980853
7760106
8001106
7909608
7849394
7908538
7890082
7897635
7878037
7856178
7929367
7891903
7948353
7921933
7982621
7930998
7916013
7864455
7971611
7923108
7766406
7820468
7839990
7866679
7996513
7882226
7935331
8025485
7947950
7912569
7859714
7935309
7962917
7978257
7999096
7944902
7904570
7853369
7970611
7842980
7891060
7887479
7855223
7791128
7898886
8013101
7946943
7869731
7913093
8005609
7888579
7812609
7836136
7910635
8005912
7892164
7863966
7982806
7967593
7943467
7971512
7851118
7902979
7888194
7871913
7927790
7972665
7929307
7941299
7913118
7938626
7837452
7960789
7857783
7818375
7885386
7938895
7892858
7899601
7912498
7910605
7798120
7874420
7942457
7914250
7888345
8031580
7981051
7965205
7914721
7882240
7868759
7855573
7911212
7989447
7896636
7943270
7934844
7919603
7854698
7952750
7927300
7900329
7967198
7961553
7881386
7843892
7859390
7967348
7882705
7862077
7900564
7915022
7949634
7883839
7930222
7954151
7863974
7934460
7859668
7900546
7985843
7883053
7857610
7835563
7887844
7868093
7979746
7848342
7828484
7952333
7876235
7816541
7902388
7959151
7901343
7878659
7863062
7976134
7847645
7878574
7929208
7926986
7779454
7898530
7836305
7960284
7960228
7832067
7929947
8006824
7934969
7916435
7863681
7845136
7855327
7940268
7900970
7932871
7965771
7899628
7916289
7909292
7929204
7838815
7899238
7993430
7786567
7924924
7984586
7935264
7864214
7923302
7895813
7910347
7831159
7993542
7820044
7888294
7924726
7891878
7818332
7913026
7803140
7994729
7822371
8013161
7874815
7925512
7928263
7886680
7834560
8020173
7889742
7914491
7952243
7836581
7943115
7902029
7923826
7987240
7876941
7921450
7826239
7888110
7880580
7897844
7826709
7959339
7860108
7935093
7906175
7968747
7955615
7892098
7891044
7819292
7868656
7907632
7858287
7906486
7877657
7967803
7977308
7885382
7856674
7813944
7967721
7929599
7866668
7896724
7933229
7884850
7952531
7872538
7908118
7873255
7849741
7909001
7910193
7831921
7961746
7919579
7902638
7960868
7899046
8020089
7958966
7905802
7905330
7845092
8086011
7902296
8002024
7994150
7936626
7879063
7881648
7911760
7865059
7879111
7976636
7905469
7925204
7987789
7807938
7884651
7851556
7962647
7908548
7854265
7907103
7861673
7963836
7820673
7936115
7969856
7884343
7911759
7894951
7915563
7836194
7974547
7937907
7947002
7896281
7894117
7973357
7904152
7907860
7840893
7906024
7883640
7877935
7925549
7808848
7914392
7915557
7902187
7912932
7916119
7901108
7880314
7893088
7810566
7847432
7931575
7982961
7873516
7854759
7973444
7973484
7979786
8013541
7966129
7933259
7915745
7897654
7964324
7906593
7884796
7843143
7832080
7927775
7893250
7911238
7879043
7938055
7844321
7877426
7925586
7863727
7892636
7980475
7864824
7929801
7921584
7914313
7872333
7957100
7858069
7853968
7921875
7919363
7922824
7933160
7859001
7913521
7974269
7921767
7889007
7777570
7913568
7939477
7935253
7898445
7831933
7871154
7889347
7923951
7878237
7978901
7961654
7898141
7978436
7917653
7959361
7926922
7894970
7975220
7958875
7890331
7848493
7912935
7932872
7773120
7919511
7891174
7938124
8011214
7915036
7878391
7869648
7930340
7900629
8001770
7907888
7987925
7914747
7842406
7940435
7849396
7863392
7904466
7937767
7977991
7907501
7931415
7914957
7932524
7956848
7838599
7901293
7957482
7949957
7840987
7942570
7932878
7895912
7947211
7816119
7916509
7904645
7916560
7930297
7873541
7968734
7962687
7928337
7893171
7902593
7906993
7921567
7908895
7988387
7970265
7848649
7958930
7992786
7846505
8047903
7882033
7894022
7927267
7913734
7933705
7894180
7926198
7902873
7935186
7935432
8007925
7984649
7920605
7911189
7848366
8060371
7907258
8014130
7956550
7951081
7845554
7850260
7918833
7926290
7834032
7952870
7905385
7894414
7822660
7904483
7931379
7996390
8027639
7801896
8017472
7889987
7980818
7987608
7846348
7909529
7937581
7886849
7890595
7862015
7936449
7983414
7863846
8001877
7950298
7877782
7975668
7904198
7945362
7990891
7848905
7949646
7895410
7820809
7886200
7902999
8036317
7978115
7985573
7924909
7920443
7921081
7996065
7893407
7903505
7919461
7984620
7856047
7886743
7895598
7887223
7862498
8035212
7907082
7943836
7993728
7861136
7924007
7923167
7895280
7959098
7935009
7880952
7902767
7835288
7947041
7882870
7955469
7867517
7949531
7967154
7949819
7827980
7900163
7862964
7965208
8008711
7872066
7830328
7906486
7855371
7813961
7899379
7858328
7870511
7933415
7950772
7905070
7971712
7928156
7843243
7861421
7942633
7924603
8002061
7951814
7952611
8019930
7884222
7900073
7951096
7850892
7951475
7930799
7901827
7931933
7829919
7899595
7869615
8002121
7912691
7822942
7929903
7921814
7926553
7973033
7963174
7941563
7825291
7903213
7823744
8011496
7863857
7882481
8098117
8043245
8111958
8019467
8002777
7969356
8143336
7956835
7983315
8104700
7964339
7936172
8060646
8067775
8005472
8022289
7913810
8008355
7913277
8052453
7916795
8123635
8099958
8057643
8007211
7951717
7976799
8055828
8041447
8084447
7975640
8089314
7976693
7962423
7952833
8124190
8029104
8002072
7962918
7986470
7959246
7999255
8144615
8051210
7902271
7986721
8051371
7959086
8019582
7999884
8016732
7895285
8141857
8066582
8092237
8057351
8064442
8000291
8161790
8005440
8076155
8095106
8040663
8030030
7964597
8093474
7970677
7875713
8019158
7930676
7995309
7910272
8089958
7961511
7998889
8103986
7957666
7995218
7940256
8043190
8083191
8110920
8108875
7976812
8026570
8014863
8016533
8044811
8119263
8072255
7923128
7960242
8096673
7923330
7947108
7957820
8030241
8065686
8036498
7989327
8104367
8115986
8079962
7995084
8074577
8027585
7976790
7985524
8028422
7968869
8045061
7905458
7986899
7932713
8050741
8140401
8119099
7985049
7938990
8015704
8051191
8015652
8070340
8033604
8024154
8028756
8072833
8030612
8017147
8074265
7969464
8035196
7982266
8044270
8029266
7945800
8004299
8034466
8103398
7912571
8032335
8023211
8085929
8052878
8002310
7964974
7966241
7942310
8112165
8053648
8096401
8100408
8075134
8038258
8014597
8073261
7978053
8080358
8073706
8016086
7966854
8003488
7974098
8053864
7990723
8032526
8015819
8009848
7928529
8055337
8027250
8075186
8112026
8125197
8037234
7892555
8061371
8019172
7931615
7954762
8079743
7970231
8121177
7910013
8055549
8012158
8062850
8055455
8131434
7914351
8090819
8002839
8080451
8000210
7992205
7998514
8010182
8099541
8045606
8187362
8040601
8090997
8016719
8007298
7999824
8002975
8047062
8006419
8017915
8065530
8109108
8089121
8057152
8022761
7916095
8116700
8029676
8031917
8035554
8039305
8042821
8070609
8067998
7971330
7976573
8072461
8006090
8117690
8073102
7818128
7963645
7921424
7993134
7895144
8061280
8054548
7980174
8019652
7978354
7993424
8000050
8006711
8008938
7973136
8177213
8033014
8077496
8008513
8104957
8144317
7982502
7978426
8014164
8096037
7994476
8048371
8027400
7930484
7991833
8019462
8002845
8015616
8083573
8007476
7939977
7979449
8001743
8005348
7952420
8059166
8036645
8025966
7924224
7961158
8050593
8115607
8095974
7950438
8007329
8084285
8032325
8053796
8006103
7997447
8053886
7973893
7978994
7987831
8038700
7992166
7900741
8057767
8007459
8096552
8014178
8019630
7992190
7990997
7953027
7969878
8007831
8002910
8043385
8108172
8004645
8042801
8008854
8030111
7870121
8155396
8003328
7959242
8003836
8018472
7959758
7972616
8039201
7892659
7939047
7944141
8022764
7817227
8043196
7984045
7959041
8073489
7962376
7992864
8000208
8019877
7981115
7992984
7961642
7927470
7931119
8028537
7926121
7994175
7954798
7979122
8038081
7874273
8002132
7989305
7959102
8012183
8051999
8017829
8088035
8082533
8070727
8037158
7955692
8027940
7927142
7906027
8073634
8069924
8035685
8049007
8027386
7946841
8008283
7987903
7974365
7966103
8143503
8123876
8002386
7931081
8073800
8113482
7995985
7970551
8071665
7973276
8111129
7923762
8028752
8054445
8056967
8069053
7969177
7940940
8066344
8046256
7957158
8132581
7986235
7979901
7979881
8042982
7952148
8077315
7830212
8038484
8083644
8014728
7894956
8054482
8020787
8019420
7960030
7949643
7955721
8019096
8015951
8067673
7995638
7965955
8083556
8116630
8067704
7969577
8028989
8051173
8017489
8032633
7996365
7999377
8032694
8073564
7989955
8043620
7956226
8057973
8072711
7999571
8109614
8023555
7989922
8077006
8021763
8016500
7963300
8049382
7980237
8043925
8053706
8012872
8145330
8054459
7933241
7992844
8022031
8034653
8067450
8074006
7911488
8036994
7968890
8034599
8031648
7971537
8037297
8058861
7902887
8062038
7964701
8080704
7869871
7946293
8143535
8081032
7979989
8004938
7938339
8077732
8027327
8086518
8092400
8147751
8086238
8117796
8065299
8006529
8079593
7952959
7956750
7971195
8070028
8006294
8121193
8103314
8052859
7951013
7974754
8015449
8044556
8000220
8078803
8025372
8039369
7984175
7953242
8060748
7980944
7916011
8036355
8107956
7923361
7945992
8012424
7869421
7911617
7908195
7939151
7973487
7825813
8024296
7977572
7828254
7849473
7862015
7895433
8003525
7898051
7909960
7874158
7938083
7841881
7899387
7943530
7846436
7898179
7963227
7835219
7929722
7860247
7942907
7907646
7954690
7902176
7957859
7862389
7899521
7955506
7891776
7991002
7995009
8008193
7907688
8009393
7855152
7965428
7909570
7950803
7929008
7903202
7922641
7925352
7884781
7882269
7903877
7972027
7914247
7889450
7962993
7948469
7927668
7883778
7843748
7942135
7949223
8005790
7996737
7936668
7951554
7822561
7915109
7889682
7872356
7814279
7980956
7810275
7943676
7815024
7881321
7855096
7935998
7934602
7968656
7823132
7913704
7913678
7950847
7893580
7860568
7928944
7954482
7927976
7994045
7946776
8020815
7991919
7834783
7943957
7805764
7946939
7874779
7826383
7968037
7934583
7929839
7854228
7873328
7777554
7850640
7936537
7835449
7772474
8026615
7855660
7916254
7846735
7917683
7987685
7901873
7937796
8016896
8015719
7875605
7921937
7910940
7924901
7843482
7905298
7957407
7943960
7925373
7910386
7941647
7878159
7861071
7969985
7947507
7861484
7869786
7870396
7901268
7964986
7892452
7906706
7954401
7921735
7983953
7905841
7918647
7861415
7871763
7878641
7813520
7921669
7886012
7988639
7914389
7894667
7891742
7870420
8042898
7855952
7891352
7832846
7856431
7906849
7881794
7881682
7945622
7959885
7938062
7941751
7913202
7877949
7840987
7875772
7966179
7873407
7892677
7953966
7980231
7802151
7927977
7861821
7998640
7945436
7868598
8014125
7893536
7914203
7907965
8017714
8007792
8018338
7925690
7813049
7943888
7867743
7943949
7933304
7867903
7893442
7908580
7924745
7885473
7983877
7941054
7875531
7888986
7953132
7979546
7899382
7949304
7882380
7915356
7957502
7931509
7921199
7931842
7868599
7926680
7922985
7943733
7912859
7805647
7841955
7893637
7860931
7979110
7888324
7980115
7964119
7957953
7861164
7951979
7918408
8005154
7925457
7974800
7874761
7854865
7784372
7884600
7883894
7905854
7943520
8017741
7958935
7935942
7812406
8019385
7920438
7892482
7950188
7928811
7835713
7851180
7955452
7962148
7884494
7870986
7869261
7943259
8031703
7897846
7933982
7917289
7949105
7840970
7954570
7914730
7943818
7863079
7934823
7874697
7877483
7825201
7944360
7868059
7895905
7805460
7938488
7913218
7874745
7968848
7960498
7894855
7974013
7925838
7923774
7970309
7998980
7863666
7839331
7920481
7954863
7986275
7872259
7899903
7973312
7909144
7872393
7927264
7973840
8016985
7809752
7930406
7940420
7895111
7883375
7852088
7836150
7906257
7925167
7911920
7875579
7801365
7930888
7983790
7886303
7850950
7815197
7868146
7904269
7859267
8009224
7889771
7961211
7880038
7961573
7877237
7881417
7872790
7926239
7874013
7857153
7953868
7955584
7905623
7893114
7832538
7921830
7914300
7951260
7836138
7885551
7890525
7902845
7940933
7814751
7911454
7853343
7912255
7863777
7846793
7858108
7921519
7895834
8006027
7860512
7979717
7832025
7916071
7841658
7889133
7830310
7872429
7958693
7970685
7940982
7978110
8027872
7889471
7879380
7904273
7888849
7938996
7899038
7946658
7910396
8042671
7958644
7860853
7872502
7891281
7917211
7916492
7875516
7864563
7881387
7889516
7850444
7901250
7906722
7943203
7863815
7818589
7850886
8039302
8015012
7954880
7856997
7957769
7958767
7939990
7909453
7925038
7923160
7914180
7894260
7858381
7843465
7957617
7895560
7891326
7814087
7956227
7900272
7942590
7916181
7924750
7980851
7957352
7926048
8001378
7965200
7920132
8018069
7845618
7892233
7933676
7887565
7943670
8012791
7906758
7914754
7830477
7921432
7967805
7867340
7875766
7879690
7898688
7858911
7832007
7853131
7884827
7907660
7898424
7867866
7913411
7870344
7850471
7920024
7946628
7882108
7865986
7952553
7891222
7946622
7892165
7938863
7892106
7871133
7914361
7896173
7905180
7858609
7879686
7909930
7905816
7841051
7835697
7823496
7994977
7967842
7907020
7870513
7912263
7918651
8044944
7991730
7940336
7944951
8006739
7972725
7947126
7961969
7884728
7995024
7889957
7914603
7921254
7872845
7814004
7857553
7955096
7937301
7886977
7951140
7835612
