8059956
8194389
7775070
8116279
7885613
7738712
7980045
8052086
8068013
8033217
8028166
8252343
7957234
8238943
7921746
7937728
7975872
8153328
7666314
7769765
8033037
8250053
8105345
8155478
8287582
7821528
8076275
7914893
8005276
8160515
7861518
8062155
8090829
7844747
7945192
8096752
8044487
7969028
7963960
7859947
7901647
8045522
7940974
8023449
7972097
8012474
8009081
8183045
7811887
8111877
7834187
7902052
7965954
8159562
7921524
7956965
8012421
8016144
8094603
8121585
7922330
8214326
8044974
7970426
8206535
8061151
8075141
8144685
8127530
8027871
8012700
8016157
8061774
7889302
8235884
7792024
8117648
7998071
8111915
8030792
8212108
8074089
7984082
8023389
7784230
7949670
8159435
8143372
8129645
8195204
7748879
8072820
7875794
8077478
7941241
8234163
8010507
7944426
7963776
8065831
7838563
8080454
8021219
7828149
8042063
7735237
8122068
7785625
7987670
8150962
8064396
8097943
7968876
8092049
8053229
7986794
8020095
7848179
8216702
8054284
8065015
8265250
8032103
7993020
7991111
8185955
7849387
8028210
7942497
7837551
8128845
7933822
8212089
8129942
7989616
7796745
8099770
8079138
8120685
8105256
7896533
7840795
8069579
8145160
7916182
8164516
7891921
8028553
8039456
7917987
8045791
8110592
8127534
7957539
8082082
8271929
8011359
8239522
8048451
8092024
7801039
8180285
7760168
8128541
7986273
8180460
7885745
7930151
8253914
8079942
8209539
7947007
8146430
7998005
8035048
8110637
8001262
7878016
8208839
7908030
8077480
8166933
8084755
8145160
7785222
7968925
7908763
8163362
8011722
7972294
7880647
7879293
7928043
8074783
8068032
7995388
7871881
8260112
7972051
7996588
8078580
7920614
7874583
7992194
8031105
8071232
8162643
7935507
8056527
8089357
7925750
8176401
7849997
7820082
7815464
7977887
8115756
8018027
8137859
7866313
7979948
8067370
7998174
7993545
8083593
7788419
7977779
7995731
7782910
7882089
7937689
8160641
8178190
7978333
7984531
7904673
7998859
8011196
8079671
7996542
7781558
8124602
7893720
7938338
8078830
7974323
8066286
7982688
7917391
8025518
7956497
7779164
8115880
7843372
7976440
7933492
7930500
8102343
8113209
7994568
7987069
8090965
8093295
8064193
8035796
7954796
7929500
7897304
7971721
7989789
7995076
7910241
8254168
8050675
7990063
8221123
7980152
8181918
8060163
7885336
7893041
7879130
7794275
8051945
7913257
8105566
7978558
8117299
7857935
7906966
8103610
8108491
7797248
8034576
7822591
7824729
7844673
8080331
7872524
8112147
8019955
8040157
8145733
7933684
8051567
8124201
8145137
8212105
7880660
8141383
7867942
8125046
7981849
7995550
7937021
8063178
8195501
8167672
8135458
8035042
7930301
8040693
8141520
8042220
7998968
7880544
8047571
7901971
8032795
7876821
7881720
8262188
7977202
7861850
8040610
7924455
8164484
7929063
8185545
7827837
8065209
7908376
8060849
7990843
7984837
7981736
8126832
7865520
7821042
7968016
8004527
7778784
8241665
7987112
7895865
8236526
8173035
8038500
8127622
8139291
8294002
8035518
7993251
8172754
7886456
8060669
8006221
8087873
8119344
8101789
8136119
8117329
7998995
8201752
8179845
8044992
8055551
8060224
8129829
7834988
8146678
8167821
8120251
7825795
7886212
8028996
8052288
8099150
7788283
7963764
7963634
7947069
8002228
7836916
7799846
7995587
7565795
7979734
8104256
7901631
8079605
7749390
7932430
7971768
7750568
8222289
8009682
8155993
7971389
8125326
7856649
8112709
7939540
8062803
8013875
8093573
8102976
8014863
8116787
8175198
7898926
8063217
8086889
8247793
8004556
7853168
8102204
8063227
7948264
8059909
8062883
8021520
8251979
7964356
8106570
8137728
7964637
7993657
7872637
7964759
8080210
8102841
8055084
8042673
7814484
8124742
7726475
7995808
8130341
8024041
7968163
7853438
7989019
8008125
8220246
7907355
7983944
8014785
7973392
8091264
8152737
8103587
7969974
8097621
7913145
7918170
8173390
7980554
8177584
8013647
8057976
8010501
8124317
7793876
7839051
7831081
7978732
7908715
7911456
8009989
8026474
8110365
8009821
7969214
7575211
8006969
8078833
7925664
8022831
7822792
7857108
8012292
8054230
7822920
7988011
7987676
8024806
8064702
8068079
8222979
8020464
7939573
8119376
7866820
7975462
7968739
7879806
7449706
8123284
8054391
7717443
8067456
8135817
8056132
7945319
8121655
8202173
8346196
7968574
7874218
8135846
8183311
8137293
8023733
7361402
7652575
7871322
7944595
8194450
7982229
7878849
7979814
7907432
8143012
8163785
8062881
7751663
7972512
8033376
8233068
8017509
7999994
8137741
8131257
8039022
7806194
8020567
8199723
7781521
8078693
7932850
8215868
8031602
7780187
8089519
8016858
8246044
7844473
7983112
7970647
8012066
8048460
8180017
7990461
7980096
8070710
8118221
7889030
8123547
8032592
7860711
7757429
7900132
8012626
7810451
7851451
8062096
7993127
8060152
8015535
8075002
7840129
8114732
8012068
7869250
7919290
7782946
7679900
7964957
8048030
7824988
7962670
7956388
7927939
8287445
7996351
7940743
7915653
8080050
8076771
7978533
8032059
8078998
8017899
7982697
8016643
8038147
8023220
8065963
8043097
8278229
7990604
8009468
8034940
7897783
8095529
8082327
7973797
8100342
7977458
8084528
8165764
7874608
8092146
8000517
7699513
7719532
8011721
8042481
8029560
7777854
8079767
7952784
8052607
8140564
7967353
8081864
7996317
7902541
8195901
7838535
8057088
8022105
8118187
7984244
8023663
7881952
7886287
7915443
7874735
7951532
7773545
8297779
7661107
7856126
8256310
8131872
7935741
8087598
8028966
8067294
8117380
8022893
7939936
7967813
8096898
7929954
7876820
8145027
7987517
7989470
8139315
7925945
8003049
7829944
8084449
8219227
8186454
8164978
7909671
7882394
7997536
8032369
8010603
8078311
7727623
8102124
8155117
7837201
7971668
8041255
8047044
8104331
8036804
8229946
7955228
7843791
7983175
7853441
7560975
8075444
7963420
7924736
8079868
8153932
7950087
8166220
7905114
7749387
7996760
8080194
8094404
8105768
8140545
7913205
8062118
8128751
7998723
8131053
8124553
8115030
7924986
8085099
7987177
7990497
7901761
7934072
8125354
8118173
7747316
7820730
8048993
7898956
7956477
7933053
7830912
8059344
8032182
8040624
8192922
7879004
7977125
8191306
8123806
7915713
8191518
7973630
8036738
8278128
7860438
7736595
7949487
7960483
8100460
7865311
8094091
7959216
7800593
8082406
7864960
8186593
8127895
8049788
8036942
8206214
7943015
7845247
8178556
8035857
8016599
8099356
7912510
8222075
7931080
7824819
8052265
7867985
8042648
7790762
7919875
8128249
8000864
8101563
8100311
7990537
7707337
8037901
7821262
8002247
8077706
7901237
8138675
7907773
8080610
7957107
7763015
8004575
8004049
7991801
7825059
