8042692
7891910
8169740
8105645
7887407
8248792
7977475
7952902
8102871
8228278
8088136
8022856
7835368
8044927
8055715
8104794
7975145
7679908
7937834
7864242
8030442
8031038
7938662
7970671
8037830
8083225
8081802
7898558
8135083
8061382
7972783
7995970
7996288
7970266
7957878
7881127
8104339
7935232
7838208
8053897
8150915
7943107
7838707
8056757
7843045
8246399
8000146
8027057
7922782
7906981
8179563
7881526
8042437
8011753
7919373
8092228
8155931
7930104
8097394
7856995
8180313
7884814
7956994
7889299
8035771
8182640
8094221
8104864
7892885
7987751
8051190
7826448
7928164
8005139
8088517
7997877
7937756
8187346
8042575
7947787
8266617
8059750
8097187
7944290
8191352
7953038
8021521
8172514
7886572
7798429
7991161
8111723
8020879
7992126
8124697
7831912
8062149
7830551
7960070
8063461
