15960 948  264 0.27848101265822783
97149 4910  3163 0.6441955193482688
250444 10804  11462 1.0609033691225471
320439 16150  22531 1.395108359133127
129961
15960 862  319 0.3700696055684455
97149 5398  4200 0.7780659503519822
250444 10556  10673 1.0110837438423645
320439 16431  22999 1.3997322134988741
130540
15960 565  143 0.25309734513274335
97149 4728  3308 0.6996615905245347
250444 10837  11965 1.1040878471901818
320439 17480  24590 1.4067505720823799
133216
15960 609  249 0.4088669950738916
97149 5252  3874 0.7376237623762376
250444 11780  13390 1.1366723259762308
320439 16036  21804 1.3596906959341482
133092
15960 825  284 0.34424242424242424
97149 5377  3944 0.7334945136693324
250444 9988  9866 0.9877853424108931
320439 16243  21783 1.3410699993843502
125644
15960 538  200 0.37174721189591076
97149 4629  2948 0.6368546122272629
250444 11139  11509 1.033216626268067
320439 15474  20293 1.3114256171642755
124465
15960 841  310 0.3686087990487515
97149 5719  4446 0.7774086378737541
250444 11483  12991 1.1313245667508491
320439 16817  22991 1.3671285009216865
133803
15960 1104  526 0.47644927536231885
97149 4985  3448 0.6916750250752257
250444 10965  11937 1.0886456908344733
320439 16380  22990 1.4035409035409034
132865
15960 779  342 0.43902439024390244
97149 5624  4199 0.7466216216216216
250444 10784  11982 1.1110905044510386
320439 15191  20178 1.3282864854189982
130573
15960 648  274 0.4228395061728395
97149 4871  3330 0.6836378567029358
250444 10996  11725 1.0662968352128046
320439 15608  21247 1.3612890825217836
129403
15960 905  367 0.40552486187845305
97149 5566  4051 0.7278117139777219
250444 13697  15614 1.1399576549609403
320439 15647  21401 1.3677382245797916
133491
15960 665  253 0.3804511278195489
97149 5787  4296 0.7423535510627268
250444 10079  10900 1.0814564936997717
320439 15475  20288 1.3110177705977384
128189
15960 674  272 0.4035608308605341
97149 4185  2643 0.6315412186379928
250444 12519  14199 1.1341960220464893
320439 16049  21777 1.3569069723970342
131108
15960 812  243 0.29926108374384236
97149 4861  3249 0.6683809915655214
250444 12379  13716 1.1080054931739236
320439 17332  23547 1.3585852757904455
130424
15960 1541  662 0.42959117456197277
97149 4351  2797 0.642840726269823
250444 11287  12154 1.0768140338442456
320439 16400  22410 1.3664634146341463
129476
15960 775  218 0.2812903225806452
97149 4937  3351 0.6787522787117682
250444 11827  13166 1.1132155238014712
320439 15942  21162 1.327436958976289
129098
15960 829  294 0.3546441495778046
97149 4611  2875 0.6235090002168727
250444 9434  9729 1.0312698749205003
320439 16393  22496 1.3722930519124017
127374
15960 816  244 0.29901960784313725
97149 4410  2790 0.6326530612244898
250444 11781  12492 1.0603514132925898
320439 15836  22184 1.4008588027279616
130113
15960 1091  456 0.41796516956920254
97149 5456  3936 0.7214076246334311
250444 11519  12008 1.0424516017015366
320439 16712  22543 1.3489109621828625
128345
15960 942  417 0.4426751592356688
97149 3332  2170 0.6512605042016807
250444 12752  14091 1.1050031367628608
320439 14996  20349 1.3569618564950654
130316
15960 773  325 0.4204398447606727
97149 5361  3944 0.7356836411117329
250444 11647  12999 1.1160813943504766
320439 15701  20952 1.334437296987453
130883
15960 979  354 0.3615934627170582
97149 4609  2972 0.6448253417227164
250444 9850  10145 1.0299492385786801
320439 16447  22713 1.3809813339818813
128146
15960 953  451 0.4732423924449108
97149 4007  2318 0.5784876466184178
250444 12425  13850 1.1146881287726358
320439 16040  21842 1.3617206982543641
129877
15960 537  195 0.36312849162011174
97149 3839  2794 0.7277936962750716
250444 13872  16581 1.1952854671280277
320439 15397  21308 1.383905955705657
136551
15960 386  125 0.3238341968911917
97149 4211  2646 0.6283543101401092
250444 10773  12408 1.1517683096630464
320439 16535  21854 1.3216812821288177
129697
15960 1010  409 0.404950495049505
97149 4911  3433 0.6990429647729587
250444 11129  12509 1.1240003594213317
320439 15796  21135 1.337996961256014
130769
15960 766  281 0.3668407310704961
97149 4932  3378 0.6849148418491484
250444 10552  11366 1.077141774071266
320439 13281  17992 1.3547172652661696
129376
15960 765  271 0.3542483660130719
97149 4743  3829 0.8072949609951507
250444 11137  11773 1.057106940827871
320439 15244  20348 1.3348202571503542
129425
15960 1041  371 0.356388088376561
97149 5027  3533 0.7028048537895365
250444 9729  9557 0.982320896289444
320439 17401  23759 1.3653812999252917
126250
15960 838  284 0.33890214797136037
97149 5574  4152 0.7448869752421959
250444 11327  12210 1.0779553279773992
320439 14814  19162 1.293506142837856
127038
15960 671  296 0.44113263785394935
97149 3880  2435 0.6275773195876289
250444 10656  11109 1.0425112612612613
320439 15961  21718 1.3606916859845875
127519
15960 699  178 0.25464949928469244
97149 4726  3373 0.7137113838341091
250444 11678  12696 1.087172461037849
320439 16468  22744 1.381102744717027
131372
15960 715  162 0.22657342657342658
97149 4938  3602 0.7294451194815715
250444 11738  12891 1.0982279775089454
320439 14851  20639 1.3897380647767827
132475
15960 802  326 0.40648379052369077
97149 4673  3116 0.6668093301947358
250444 10373  10631 1.024872264532922
320439 16487  22607 1.3712015527385213
127887
15960 305  83 0.2721311475409836
97149 4962  3430 0.6912535268037082
250444 9932  10645 1.0717881594844945
320439 11215  14659 1.3070887204636648
126460
15960 629  154 0.24483306836248012
97149 3825  2365 0.6183006535947713
250444 11358  11678 1.0281739742912483
320439 16056  22618 1.4086945690084705
128812
15960 644  191 0.296583850931677
97149 4942  3638 0.736139214892756
250444 11572  12630 1.0914275838230212
320439 14919  20611 1.3815269119914204
132047
15960 883  311 0.3522083805209513
97149 3315  2181 0.6579185520361991
250444 10289  11015 1.0705607930799883
320439 14672  19343 1.3183615049073065
126684
15960 959  406 0.4233576642335766
97149 4162  2625 0.6307063911580971
250444 12298  13584 1.1045698487558953
320439 16343  23048 1.4102673927675458
132760
15960 755  224 0.29668874172185433
97149 5447  3771 0.6923076923076923
250444 12291  13280 1.080465381173216
320439 15936  21756 1.365210843373494
130009
15960 313  61 0.19488817891373802
97149 4055  2871 0.7080147965474722
250444 12522  14112 1.1269765213224725
320439 15265  20663 1.3536193907631837
131314
15960 780  244 0.3128205128205128
97149 5088  3684 0.7240566037735849
250444 10147  10234 1.0085739627476102
320439 16390  21879 1.3348993288590605
125946
15960 799  295 0.3692115143929912
97149 3722  2387 0.6413218699623858
250444 11472  12911 1.1254358437935843
320439 16458  22814 1.3861951634463483
132373
15960 657  221 0.3363774733637747
97149 4132  2923 0.707405614714424
250444 10745  11406 1.0615169846440204
320439 17134  23810 1.3896346445663592
130872
15960 1004  398 0.39641434262948205
97149 4455  3171 0.7117845117845117
250444 9621  9978 1.0371063299033365
320439 15408  20231 1.3130192107995846
125992
15960 888  323 0.36373873873873874
97149 5471  4248 0.7764576859806251
250444 11430  11829 1.0349081364829396
320439 16123  21946 1.3611610742417664
129432
15960 636  204 0.32075471698113206
97149 6042  4545 0.7522343594836147
250444 10810  10502 0.9715078630897317
320439 15963  21326 1.3359644177159682
124933
15960 735  283 0.38503401360544215
97149 4957  3298 0.6653217671979019
250444 12530  13603 1.085634477254589
320439 16202  21680 1.3381064066164672
128575
15960 984  281 0.2855691056910569
97149 3622  1906 0.526228602981778
250444 10502  10496 0.9994286802513807
320439 15926  21729 1.364372723847796
123862
15960 589  153 0.2597623089983022
97149 4195  2924 0.6970202622169249
250444 12371  13561 1.0961927087543448
320439 16739  22836 1.3642392018639107
130591
15960 342  71 0.20760233918128654
97149 4140  2569 0.6205314009661835
250444 11977  13203 1.1023628621524588
320439 17611  24554 1.3942422349667822
131074
15960 482  168 0.34854771784232363
97149 4728  3069 0.6491116751269036
250444 12454  13670 1.0976393126706279
320439 16174  21949 1.357054531964882
129728
15960 842  354 0.42042755344418054
97149 5021  3248 0.6468830910177256
250444 10449  10742 1.0280409608574983
320439 16826  23420 1.3918934981576132
128839
15960 631  239 0.3787638668779715
97149 5343  3761 0.7039116601160397
250444 12304  13506 1.0976918075422626
320439 14859  19947 1.3424187361195234
129917
15960 1178  476 0.40407470288624786
97149 4417  3010 0.6814580031695721
250444 11231  11762 1.0472798504140326
320439 13005  18025 1.386005382545175
129844
15960 494  158 0.31983805668016196
97149 3732  2476 0.6634512325830654
250444 10291  10416 1.0121465358079875
320439 15630  21071 1.3481126039667306
125838
15960 884  264 0.2986425339366516
97149 3730  2302 0.6171581769436997
250444 10898  12277 1.12653697926225
320439 15976  21153 1.324048572859289
128522
15960 909  364 0.4004400440044004
97149 4599  3208 0.6975429441182865
250444 10647  11938 1.1212548135625058
320439 16900  23055 1.3642011834319527
132018
15960 720  252 0.35
97149 5282  4005 0.7582355168496782
250444 12689  14385 1.1336590747891875
320439 15875  21872 1.377763779527559
134109
15960 979  401 0.40960163432073543
97149 3744  2450 0.6543803418803419
250444 10912  10800 0.9897360703812317
320439 16869  23398 1.3870413183946886
127074
15960 966  347 0.35921325051759834
97149 3679  2208 0.6001630877955967
250444 10215  11002 1.0770435633871758
320439 12037  15318 1.2725762233114564
123593
15960 369  104 0.28184281842818426
97149 4825  3581 0.7421761658031089
250444 12457  13894 1.1153568274865537
320439 14122  18373 1.301019685596941
128805
15960 1074  403 0.3752327746741155
97149 4787  3385 0.7071234593691247
250444 11197  11997 1.0714477092078236
320439 15363  20410 1.3285165657749138
128121
15960 825  275 0.3333333333333333
97149 4305  2975 0.6910569105691057
250444 10461  10651 1.0181626995507123
320439 15697  21290 1.3563101229534307
127010
15960 528  182 0.3446969696969697
97149 4795  3180 0.6631908237747653
250444 10834  12779 1.1795274136976186
320439 16034  21973 1.3704003991518023
134077
15960 705  256 0.36312056737588655
97149 4388  3412 0.7775752051048314
250444 10542  11242 1.0664010624169986
320439 16438  22439 1.3650687431561017
130971
15960 579  142 0.2452504317789292
97149 3951  2676 0.6772968868640851
250444 11520  12205 1.0594618055555556
320439 15537  20749 1.3354572954881896
127163
15960 676  209 0.3091715976331361
97149 3566  2220 0.6225462703309029
250444 10672  11853 1.1106634182908546
320439 15756  20813 1.3209570957095709
127809
15960 1009  383 0.379583746283449
97149 4027  2582 0.6411720884032779
250444 11873  13395 1.1281900109492125
320439 15659  21795 1.3918513315026502
132816
15960 947  369 0.38965153115100315
97149 4270  2738 0.6412177985948477
250444 12131  13882 1.144340944687165
320439 15297  20965 1.3705301693142447
132379
15960 201  48 0.23880597014925373
97149 4157  2914 0.7009862881885975
250444 11226  11695 1.041778015321575
320439 15069  19628 1.3025416417811402
125033
15960 577  107 0.1854419410745234
97149 6376  5027 0.7884253450439147
250444 12579  14352 1.140949201049368
320439 14855  19376 1.3043419723998653
130543
15960 834  304 0.3645083932853717
97149 4549  2996 0.6586062870960651
250444 10545  10857 1.0295874822190612
320439 16146  21511 1.332280440976093
125761
15960 751  270 0.3595206391478029
97149 5954  4565 0.7667114544843803
250444 12691  14401 1.1347411551493185
320439 16434  22336 1.359133503711817
133321
15960 878  360 0.41002277904328016
97149 4819  3673 0.7621913260012451
250444 11414  12332 1.080427545120028
320439 16204  21614 1.3338681806961243
129766
15960 1026  411 0.40058479532163743
97149 5600  4136 0.7385714285714285
250444 11391  12676 1.1128083574751997
320439 16776  22002 1.311516452074392
129516
15960 1110  516 0.4648648648648649
97149 4968  3638 0.7322866344605475
250444 12116  13556 1.1188511059755695
320439 16876  23395 1.3862882199573359
133831
15960 1098  528 0.4808743169398907
97149 4473  2966 0.663089649005142
250444 12347  14167 1.147404227747631
320439 16507  22479 1.3617859090082995
132636
15960 327  65 0.19877675840978593
97149 3956  2482 0.6274014155712841
250444 10570  10517 0.9949858088930936
320439 16307  22820 1.3993990310909425
126955
15960 467  206 0.4411134903640257
97149 4724  3134 0.6634208298052497
250444 13383  15626 1.1676006874392886
320439 15802  21433 1.3563472978104036
133089
15960 623  239 0.38362760834670945
97149 4695  3251 0.6924387646432375
250444 11351  12265 1.080521539952427
320439 15209  20267 1.3325662436715102
128501
15960 682  245 0.3592375366568915
97149 4395  3116 0.7089874857792946
250444 11522  12935 1.1226349592084708
320439 15278  21265 1.3918706636994371
133629
15960 671  274 0.4083457526080477
97149 4882  3235 0.6626382630069644
250444 10367  11116 1.0722484807562458
320439 16451  21962 1.3349948331408426
127868
15960 471  113 0.23991507430997877
97149 5437  4019 0.7391944086812581
250444 11419  12371 1.0833698222261143
320439 13333  18030 1.3522838070951775
130047
15960 661  240 0.3630862329803328
97149 5122  3728 0.7278406872315502
250444 10790  11593 1.0744207599629287
320439 17050  23534 1.3802932551319649
131313
15960 819  298 0.36385836385836384
97149 5100  3428 0.672156862745098
250444 12479  13947 1.1176376312204503
320439 15674  20887 1.3325890008931989
129670
15960 818  251 0.30684596577017115
97149 4264  2824 0.6622889305816135
250444 10494  11278 1.0747093577282256
320439 16682  23473 1.4070854813571514
131546
15960 809  260 0.32138442521631644
97149 4948  3803 0.7685933710590137
250444 13699  15707 1.1465800423388568
320439 16038  21970 1.3698715550567402
134318
15960 758  233 0.3073878627968338
97149 4653  3282 0.7053513862024501
250444 11676  12974 1.1111682082905106
320439 15843  22049 1.3917187401376
132945
15960 947  339 0.3579725448785639
97149 4397  3323 0.7557425517398226
250444 11761  12792 1.087662613723323
320439 15267  21171 1.3867164472391433
132648
15960 788  208 0.2639593908629442
97149 3940  2727 0.6921319796954315
250444 10549  10811 1.024836477391222
320439 15066  20634 1.369573874950219
127829
15960 492  130 0.26422764227642276
97149 3919  2541 0.648379688696096
250444 10376  10932 1.053585196607556
320439 16624  23278 1.400264677574591
129961
15960 524  158 0.3015267175572519
97149 4436  3159 0.7121280432822362
250444 11973  12780 1.067401653720872
320439 16687  22745 1.363037094744412
129681
15960 750  221 0.2946666666666667
97149 4680  2959 0.6322649572649572
250444 11104  11494 1.0351224783861672
320439 15933  21710 1.3625808071298562
126998
15960 703  216 0.30725462304409673
97149 4458  2996 0.6720502467474204
250444 11362  12183 1.0722584052103503
320439 15921  21769 1.3673136109540858
129478
15960 337  78 0.2314540059347181
97149 4367  2814 0.6443782917334555
250444 12217  13445 1.1005156748792666
320439 17745  24665 1.3899690053536207
131218
15960 666  276 0.4144144144144144
97149 4168  2699 0.647552783109405
250444 11613  11865 1.0216998191681737
320439 15503  21046 1.357543701219119
126735
15960 285  68 0.23859649122807017
97149 4928  3449 0.6998782467532467
250444 11358  12004 1.0568762106004579
320439 16494  23283 1.4116042197162604
131470
15960 705  303 0.4297872340425532
97149 3992  2918 0.7309619238476954
250444 10686  10688 1.0001871607711024
320439 15507  21247 1.3701554136841427
127902
15960 1147  525 0.45771578029642546
97149 4575  2992 0.6539890710382513
250444 11751  12740 1.0841630499531956
320439 16090  21847 1.357799875699192
129575
