119197
130531
123097
135461
133257
126514
131754
130484
132619
125392
129338
135495
131928
124929
127805
133478
129857
124153
127407
122352
128479
125034
131171
119207
131559
124734
127062
130125
131542
134734
126095
124218
130340
130337
128111
126948
134333
137225
131549
132653
127630
132213
125457
128159
119337
124547
123208
127299
133856
123501
133507
129495
134002
127011
131066
125616
128155
136603
126331
124526
130462
130830
128777
134022
123914
127656
130434
129478
125272
131575
129376
128022
129231
129158
120561
130419
135055
124225
132955
126969
126756
129959
125629
126550
125645
126612
128915
128686
128484
133735
132178
125415
126225
131375
130705
131356
124890
137457
130125
126386
