131740
120831
119782
131590
130701
131637
116540
133445
130920
135779
132500
129503
130420
117276
130004
135429
128117
134305
113875
136783
134414
115749
130945
132197
136478
139496
123600
130817
123132
128908
133261
136987
125626
130132
127098
132070
130452
132868
122444
137085
132918
125734
134165
133097
136594
124629
133537
128648
110473
130726
124049
130131
133834
122848
130689
127249
126815
122154
128233
129623
136183
126201
124341
127274
118849
128321
125296
136679
136612
117242
131398
121707
129057
125326
128223
125516
129427
135622
123911
127803
128753
130510
127688
136591
133168
139387
130195
136303
129570
128696
135502
118219
121420
132281
123637
125952
130526
136565
125552
127110
