7921385
8113029
8034282
8038519
8033462
8061864
7955660
8042242
8032473
8001545
7964357
8023962
7924591
8061855
8112497
8026751
7985812
8034546
8098995
8049414
7984506
7929160
8055278
8064304
8015862
8127501
8055820
8072923
8050986
8001871
7954314
8060982
7962875
8087483
7992016
8007142
7850220
8047207
8166780
8025996
7991400
8043501
7979732
8018382
7993081
7969809
7998312
8027643
7985676
8024846
8014556
8054777
7927108
8206812
7957974
7933017
7993477
8068376
7999298
8007384
8054839
7941682
7997844
8015752
8023575
8059833
7975984
8009081
7955256
8041825
7964410
8097428
8061018
7983855
8127018
8182439
7990407
7926427
7973130
8019217
7995832
7999798
7973737
8007951
8087086
7946348
7973070
8125405
8016149
8067671
7941023
8003192
7918422
8000264
8032493
7991476
8088417
8007622
7948036
8056512
