7939971
8004371
7937903
7919529
7912276
7861991
7887495
7960314
7961831
7984760
7945878
7836146
7824881
7922123
7825482
7840492
7898777
7901432
7910359
7872604
7920622
7913046
7828859
7945085
7876829
7988663
7954087
7878621
7879719
7905711
7852856
7931406
8005876
7858611
7889263
7895712
8001158
7937838
7920421
7970599
7940833
7982349
7964784
7897866
8032061
7901050
7909863
8019122
7893330
8008288
7887737
7857139
7941724
7984378
7846576
7967177
7851514
7945533
7943497
7890386
7850633
7896702
7951901
7908158
7934843
7882201
7923116
7928254
7842292
7901199
7936129
7957746
7889330
7869572
7849096
7795561
7922052
7979299
7876954
7902972
7895194
7826455
7994598
7889888
8054146
7891214
7872148
7885235
7985989
7917081
7956946
7814270
7931213
7881806
7935851
7900433
7869110
7852967
7858940
7880730
7914990
7917529
7939032
7901940
7860176
7829029
7875217
7895576
7965754
7870315
7948813
7834522
7807789
7889509
8017219
7962469
7877821
7870842
7996652
7845126
7896982
7820030
7926823
7925429
7941076
7858251
7913339
7836505
7945695
7919348
7964552
7858909
7822488
7933197
7964593
7888834
7933652
7891426
7868262
7863084
7834711
7863854
7831481
7948359
7895892
7882275
7880476
7868113
7927769
7967368
7891559
7903135
7933401
7904062
7858139
7867082
7862855
7876679
7834356
7931312
7952912
7927608
7904022
7922956
7956905
7799465
7885473
7888801
7905311
7995454
7858958
7907421
7976241
7863330
7907197
7951904
7947995
7913667
7949279
7919408
7913137
7917494
7889693
7900637
7896591
7856147
7874819
7928482
8021846
7827228
7954650
7986570
7939145
7960256
7849245
7999855
7873761
7854464
7899241
7923029
7979686
7926472
7945180
7857917
7991533
7939287
7929835
7925623
7973229
7906642
7940232
7860382
7922680
7829911
7926749
7864430
7928006
7923120
7867466
7930729
8032245
7964945
7838240
7936096
7896695
7867631
7910732
7887434
7944477
7877492
7815672
7958738
7893497
7955055
7942075
7860737
7901596
7911798
7835012
7972750
7884077
7935911
7946461
7834469
7944612
7899120
8001517
7968309
7777256
8034406
7862038
7935893
7913393
7878623
7907535
7911790
7895277
7854908
7941860
7966147
7940581
7917872
7990772
8038991
8001200
7995975
7928223
7969870
8019064
8062246
7905630
7900957
7948966
7854393
7860453
7795697
7874962
7982260
7937679
7877218
7963800
7854425
7873966
7896079
7903570
7871044
7865173
7858678
7888071
7932452
7893636
7845669
7996593
8007961
8006857
7897692
7869012
7941166
7786987
7975559
7865005
7921900
7848291
7942327
7977820
7881790
7942133
7976638
7939433
7858243
7860082
7951029
7897809
7903787
7843034
7837767
7924172
7950756
7902721
7967199
7921422
7993887
7905696
7902232
7889332
7904931
7936871
7955124
7969579
7923330
7854833
7910991
7988942
7989363
7858424
7934514
7935506
7873841
7822408
7931683
7952791
7952003
7937122
7894726
7924713
7909806
7981852
7931413
7964505
7925329
7904399
7887647
7937429
7945550
7876412
7870572
7924608
7943835
7944147
7979455
7871215
7893882
7937552
7884317
7889185
7968924
7878455
7959815
7840592
7928484
7973243
7846000
7955320
7854429
7944920
7887519
7937278
7961946
7978862
7943429
7985200
7901228
7948828
7942949
7958973
7928296
7854328
7965037
7924957
7925627
7909822
7930337
7981197
7852491
7852270
7905046
7972859
7951265
7942647
7794467
7962806
7947551
7833046
7872829
7841070
7974287
7942913
7955664
7944940
8026832
7922237
7843867
7856910
7832877
7925354
7958082
7905618
7866456
7880228
7902686
7951286
7920519
7872347
7890575
7891516
7925536
7889755
7897137
7937334
7891292
7919723
7886839
7898789
7895491
7985909
7905040
7930843
7886843
7924313
7969569
7915289
7909910
7921995
7858621
7874991
7854189
7957931
7923797
7840525
7791201
7949346
7913184
7871387
7856150
7926336
7940989
7936864
7929500
7884891
7855653
8004727
7923364
7914765
7872067
7955285
7836973
7944312
7876881
7875062
7977292
7933243
7960738
7880575
7764911
7770671
7972638
7965585
7831821
7979023
7836883
7885398
7861736
7937395
7824779
7924055
7964757
7891366
7839488
7847865
7861625
7848458
7892377
7915617
7908561
7894705
7853630
7826517
7881786
7880736
7962531
