8048422
8077633
7941062
8080197
8026579
7954565
7866368
7926743
7808048
8145109
8094605
8167998
8169658
7992942
8253135
8077235
7955989
8088453
7934350
8098611
8199861
7811706
8144533
7995896
8004545
8111303
8097554
7997517
7912641
8058180
7985399
8114651
8159943
8054660
7932162
7853778
8142991
8156640
7898687
8033178
8129627
7845795
7820300
8043961
8080196
8031698
8107423
8090868
8215613
8020407
7971516
8019625
7983099
8035800
7790970
7999215
8130988
7948693
8105450
8034384
8121913
8257028
7989178
7857753
7718249
7943373
7811711
7953492
8028599
7892514
8028914
8017829
8170195
8170640
7845305
8098248
8025762
7980381
7969782
7999073
8080563
8121522
8036507
8212125
8169506
7846154
8069699
8201999
8044446
7971563
8190908
8168792
8303595
7948716
7704582
7996700
7944666
7997576
7968344
8196621
7903531
8152321
7999232
7993497
8030352
8178641
8004212
7982169
7869036
7901167
8151301
8011741
7877951
8143277
7808804
8189409
8173596
7442628
8043332
8000729
7850279
7952202
8212292
8008894
7925901
8052057
8054521
7970124
8035698
7933034
8119252
8016481
8042064
7837573
7849256
7875336
8032031
7943115
7909559
7849546
7947536
7542570
7844900
8142829
8023688
8050989
8024758
8198998
8168415
7948160
7852736
7999544
7984384
8000409
8221825
7931864
8015521
7994352
8090501
7936652
8164699
7822528
7942518
8154160
8045628
7877707
8282424
7912231
8282951
7989219
8083037
7910266
7943300
8131084
7895058
7973977
8175049
8168065
8049125
7941927
8164302
7991069
7851146
8006337
7933647
8025792
7791948
8027612
7760001
7904349
7997508
7915283
8007401
7998103
8135987
7968923
8068856
7942821
8101635
8144817
7993036
8063504
7826943
8214399
7767663
7886882
8131927
8108808
8033732
8020228
7791989
8016260
7801956
8027007
8096672
8153971
8056584
7979647
7864733
8155651
8091551
7860429
8180074
8260606
8036347
7742877
8153638
8040243
7993721
8060808
7989008
8119357
7900579
8150710
8103153
7875027
7923138
8016810
7996381
7747671
7963274
7850911
7840237
7870800
8091887
8021162
7838366
8226094
8065682
7956585
7801805
7755704
8002862
7816220
8041030
8160235
7917396
7679497
7936942
8131225
8164246
7980909
7983284
8008496
8090914
7888609
7995314
8058400
8088644
7986560
7913821
7942255
7681687
8095917
7934994
8127734
8171610
7876379
7883706
7828013
7962711
8005580
8014180
8040578
8024904
8120548
7844695
8131225
7713824
7823490
8066637
8168439
7964544
7795077
7893689
8150892
8147750
8164189
8072405
8059204
7803441
8024766
7985916
8080850
8086305
8105972
8217438
8086180
8135910
8159613
7995254
7926358
7981839
8126650
8078069
7778523
7993608
7827068
7941118
8019809
7843816
7896096
7955183
8073694
7979669
7982449
7831596
7875222
7800113
8000766
7998921
7819432
8003520
7809864
7929737
8241151
8183696
8156807
8256109
7580101
8078557
7852874
8087407
7985078
7868020
8005414
8057018
8183482
8110264
8077842
8048501
7964828
7933595
8100618
7790096
7941141
8077039
8015576
7999135
8082593
7976848
8110795
8063507
7848988
8145627
8077870
7983557
8138478
7930546
7951374
8020226
8142498
8115069
8070905
7992880
7923474
8160311
8011804
7956518
7968192
7924814
7728189
8104263
8036215
8101826
8133295
8040669
8112518
8123546
7749895
7923287
8072583
7705482
8069237
7930262
8157294
8033631
7957420
8232317
8094848
8039526
8094196
8017021
7854138
7928744
8038983
7813180
8102409
8056844
8272754
7980490
8079435
8100800
7994614
8272145
8075218
8157717
8107180
8024620
8008385
7979300
7940201
8136180
7930698
8028535
8026551
8076965
8136825
8178290
7982410
7952446
7788523
7766333
7993089
8192752
7787968
8145303
8129588
7984852
7939568
7936036
7974256
8022459
7924925
7824012
7770874
8243798
7923060
8217173
8072249
8103145
7886305
8148829
8137836
7522643
8021901
8032822
7919390
7901092
8115189
7946823
7902682
8119836
8115113
8056846
7975416
7696472
7961041
8019010
7904383
7810106
7927673
7833560
7996070
7964536
7722641
8024318
7969691
8094267
8031224
7998008
8010646
8107730
8069705
7974482
7874047
7998571
7788221
7868292
8082924
7994467
8166037
7970517
7776795
7982814
8015813
7798013
7987029
8000722
8067582
